0 0.5300480769230769 0.7427884615384616 0.24158653846153846 0.12860576923076922
2 0.6995192307692307 0.3389423076923077 0.5336538461538461 0.6598557692307693
1 0.14182692307692307 0.4543269230769231 0.039663461538461536 0.020432692307692308
1 0.19471153846153846 0.45072115384615385 0.037259615384615384 0.016826923076923076
1 0.24639423076923078 0.4495192307692308 0.037259615384615384 0.016826923076923076
1 0.3004807692307692 0.45072115384615385 0.03485576923076923 0.016826923076923076
1 0.3449519230769231 0.5216346153846154 0.04326923076923077 0.02403846153846154
1 0.33653846153846156 0.1875 0.021634615384615384 0.013221153846153846
1 0.07451923076923077 0.6454326923076923 0.03365384615384615 0.028846153846153848
1 0.2283653846153846 0.5997596153846154 0.055288461538461536 0.030048076923076924
1 0.18990384615384615 0.5276442307692307 0.03365384615384615 0.020432692307692308
1 0.10697115384615384 0.8100961538461539 0.04447115384615385 0.02283653846153846
1 0.1658653846153846 0.8064903846153846 0.03365384615384615 0.02283653846153846
1 0.43990384615384615 0.8653846153846154 0.06009615384615385 0.02403846153846154
1 0.5757211538461539 0.9026442307692307 0.020432692307692308 0.18389423076923078
1 0.6237980769230769 0.8713942307692307 0.04447115384615385 0.040865384615384616
1 0.6274038461538461 0.953125 0.052884615384615384 0.037259615384615384
1 0.7475961538461539 0.9266826923076923 0.026442307692307692 0.13822115384615385
1 0.9435096153846154 0.8846153846153846 0.038461538461538464 0.16826923076923078
1 0.8257211538461539 0.7980769230769231 0.18990384615384615 0.016826923076923076
1 0.22355769230769232 0.7211538461538461 0.04326923076923077 0.021634615384615384
1 0.08413461538461539 0.5336538461538461 0.030048076923076924 0.02283653846153846
1 0.8305288461538461 0.6514423076923077 0.23798076923076922 0.03485576923076923
1 0.8317307692307693 0.5757211538461539 0.2403846153846154 0.04567307692307692
1 0.8185096153846154 0.5048076923076923 0.25841346153846156 0.037259615384615384