0 0.6947115384615384 0.5721153846153846 0.19591346153846154 0.23798076923076922
0 0.5769230769230769 0.7295673076923077 0.037259615384615384 0.09375
0 0.4567307692307692 0.40384615384615385 0.24759615384615385 0.27283653846153844
0 0.37740384615384615 0.7331730769230769 0.1045673076923077 0.09975961538461539
0 0.1045673076923077 0.44591346153846156 0.17307692307692307 0.21634615384615385
2 0.4074519230769231 0.12860576923076922 0.7860576923076923 0.2548076923076923
2 0.7872596153846154 0.3581730769230769 0.2692307692307692 0.15865384615384615
2 0.890625 0.3293269230769231 0.16346153846153846 0.4519230769230769
2 0.26322115384615385 0.3473557692307692 0.1045673076923077 0.16706730769230768
0 0.27283653846153844 0.4423076923076923 0.04927884615384615 0.06850961538461539
0 0.078125 0.6887019230769231 0.10216346153846154 0.19110576923076922