1 0.140625 0.39302884615384615 0.06610576923076923 0.0625
1 0.14423076923076922 0.47596153846153844 0.025240384615384616 0.03125
1 0.09134615384615384 0.5108173076923077 0.018028846153846152 0.026442307692307692
1 0.1875 0.4963942307692308 0.02283653846153846 0.06850961538461539
1 0.2127403846153846 0.47596153846153844 0.013221153846153846 0.02403846153846154
1 0.23317307692307693 0.5360576923076923 0.018028846153846152 0.026442307692307692
1 0.09615384615384616 0.7716346153846154 0.12259615384615384 0.054086538461538464
1 0.0985576923076923 0.8401442307692307 0.10096153846153846 0.07211538461538461
1 0.15625 0.9026442307692307 0.030048076923076924 0.03125
1 0.042067307692307696 0.6586538461538461 0.021634615384615384 0.03125
1 0.24639423076923078 0.7055288461538461 0.014423076923076924 0.016826923076923076
1 0.2608173076923077 0.7439903846153846 0.025240384615384616 0.03125
1 0.33052884615384615 0.7439903846153846 0.09495192307692307 0.04927884615384615
1 0.2283653846153846 0.7800480769230769 0.02283653846153846 0.05048076923076923
1 0.26802884615384615 0.8413461538461539 0.038461538461538464 0.030048076923076924
1 0.22716346153846154 0.8653846153846154 0.025240384615384616 0.027644230769230768
1 0.3894230769230769 0.8725961538461539 0.055288461538461536 0.04567307692307692
1 0.4026442307692308 0.9675480769230769 0.03485576923076923 0.036057692307692304
1 0.27163461538461536 0.9747596153846154 0.014423076923076924 0.027644230769230768
0 0.42788461538461536 0.12740384615384615 0.07932692307692307 0.1045673076923077
0 0.7716346153846154 0.12379807692307693 0.11057692307692307 0.12139423076923077
0 0.65625 0.42788461538461536 0.6346153846153846 0.40865384615384615