0 0.3245192307692308 0.9002403846153846 0.10817307692307693 0.09975961538461539
0 0.5204326923076923 0.8846153846153846 0.05048076923076923 0.04807692307692308
0 0.16346153846153846 0.5084134615384616 0.078125 0.1310096153846154
0 0.24759615384615385 0.515625 0.06971153846153846 0.13942307692307693
0 0.32572115384615385 0.4675480769230769 0.08173076923076923 0.2091346153846154
0 0.4026442307692308 0.5108173076923077 0.055288461538461536 0.11057692307692307
0 0.4699519230769231 0.5132211538461539 0.06009615384615385 0.12860576923076922
0 0.5336538461538461 0.5132211538461539 0.06129807692307692 0.12379807692307693
0 0.5961538461538461 0.45913461538461536 0.05048076923076923 0.21514423076923078
0 0.6478365384615384 0.5096153846153846 0.04567307692307692 0.10216346153846154
0 0.6971153846153846 0.5072115384615384 0.038461538461538464 0.10697115384615384
0 0.734375 0.5252403846153846 0.05048076923076923 0.30408653846153844
0 0.7932692307692307 0.5228365384615384 0.039663461538461536 0.09495192307692307
0 0.8341346153846154 0.5180288461538461 0.036057692307692304 0.08173076923076923
0 0.8677884615384616 0.5216346153846154 0.03485576923076923 0.08533653846153846
0 0.9074519230769231 0.5192307692307693 0.03245192307692308 0.08173076923076923
0 0.9747596153846154 0.5204326923076923 0.03125 0.08653846153846154
2 0.33653846153846156 0.11057692307692307 0.6682692307692307 0.2127403846153846