2 0.734375 0.1814903846153846 0.13341346153846154 0.34975961538461536
2 0.5264423076923077 0.390625 0.054086538461538464 0.703125
2 0.6081730769230769 0.4098557692307692 0.03125 0.5865384615384616
0 0.7211538461538461 0.5576923076923077 0.08173076923076923 0.3545673076923077
0 0.6490384615384616 0.42908653846153844 0.04807692307692308 0.10817307692307693
0 0.6177884615384616 0.078125 0.05048076923076923 0.06971153846153846
0 0.5721153846153846 0.33413461538461536 0.026442307692307692 0.38822115384615385
0 0.5492788461538461 0.7800480769230769 0.015625 0.04927884615384615
0 0.6478365384615384 0.20673076923076922 0.037259615384615384 0.04927884615384615
1 0.43509615384615385 0.640625 0.028846153846153848 0.0673076923076923
1 0.24158653846153846 0.8713942307692307 0.018028846153846152 0.04447115384615385