0 0.15625 0.5372596153846154 0.057692307692307696 0.09615384615384616
0 0.21995192307692307 0.4699519230769231 0.052884615384615384 0.07451923076923077
0 0.26802884615384615 0.4807692307692308 0.027644230769230768 0.056490384615384616
0 0.234375 0.5829326923076923 0.028846153846153848 0.04447115384615385
0 0.2548076923076923 0.6802884615384616 0.04807692307692308 0.052884615384615384
0 0.3016826923076923 0.6742788461538461 0.013221153846153846 0.038461538461538464
0 0.34375 0.6778846153846154 0.03365384615384615 0.052884615384615384
0 0.328125 0.5877403846153846 0.07572115384615384 0.08173076923076923
0 0.2668269230769231 0.578125 0.025240384615384616 0.04447115384615385
0 0.33533653846153844 0.4879807692307692 0.0829326923076923 0.07451923076923077
0 0.46634615384615385 0.4879807692307692 0.04927884615384615 0.05048076923076923
0 0.47115384615384615 0.5769230769230769 0.040865384615384616 0.042067307692307696
0 0.4735576923076923 0.6610576923076923 0.04567307692307692 0.06129807692307692
0 0.5432692307692307 0.5060096153846154 0.051682692307692304 0.07091346153846154
0 0.5456730769230769 0.5877403846153846 0.05048076923076923 0.06129807692307692
0 0.546875 0.6646634615384616 0.04927884615384615 0.04447115384615385
0 0.4110576923076923 0.4230769230769231 0.052884615384615384 0.051682692307692304
0 0.5204326923076923 0.42427884615384615 0.06610576923076923 0.078125
0 0.7295673076923077 0.45913461538461536 0.09975961538461539 0.05889423076923077
0 0.6754807692307693 0.5084134615384616 0.036057692307692304 0.036057692307692304
0 0.6826923076923077 0.5733173076923077 0.03485576923076923 0.03485576923076923
0 0.7764423076923077 0.5853365384615384 0.06370192307692307 0.19591346153846154
1 0.859375 0.25961538461538464 0.0829326923076923 0.06490384615384616
1 0.0985576923076923 0.5576923076923077 0.06009615384615385 0.03245192307692308