0 0.42788461538461536 0.36177884615384615 0.030048076923076924 0.08653846153846154
0 0.5204326923076923 0.37259615384615385 0.04927884615384615 0.08413461538461539
0 0.5853365384615384 0.4026442307692308 0.04567307692307692 0.07572115384615384
0 0.6646634615384616 0.4110576923076923 0.036057692307692304 0.0733173076923077
0 0.5817307692307693 0.265625 0.04807692307692308 0.09735576923076923
0 0.6598557692307693 0.28966346153846156 0.05048076923076923 0.08653846153846154
0 0.7415865384615384 0.25841346153846156 0.05889423076923077 0.09495192307692307
0 0.6394230769230769 0.12740384615384615 0.15865384615384615 0.140625
0 0.41225961538461536 0.15384615384615385 0.07932692307692307 0.08653846153846154
2 0.5048076923076923 0.17427884615384615 0.09254807692307693 0.1622596153846154
2 0.2920673076923077 0.11658653846153846 0.13701923076923078 0.23317307692307693
2 0.5661057692307693 0.04326923076923077 0.4074519230769231 0.078125
1 0.12620192307692307 0.8028846153846154 0.13701923076923078 0.04927884615384615
1 0.3870192307692308 0.8990384615384616 0.11177884615384616 0.04567307692307692
1 0.8473557692307693 0.7920673076923077 0.055288461538461536 0.05048076923076923
0 0.5637019230769231 0.6514423076923077 0.14302884615384615 0.07932692307692307