1 0.8930288461538461 0.28846153846153844 0.08774038461538461 0.1045673076923077
1 0.7475961538461539 0.7415865384615384 0.02403846153846154 0.027644230769230768
1 0.5685096153846154 0.7536057692307693 0.025240384615384616 0.027644230769230768
1 0.30649038461538464 0.5168269230769231 0.030048076923076924 0.038461538461538464
0 0.25600961538461536 0.42908653846153844 0.12379807692307693 0.12139423076923077
0 0.3557692307692308 0.39903846153846156 0.03485576923076923 0.06129807692307692
0 0.48677884615384615 0.40024038461538464 0.037259615384615384 0.0673076923076923
0 0.5480769230769231 0.40024038461538464 0.03485576923076923 0.06370192307692307
1 0.4855769230769231 0.2920673076923077 0.054086538461538464 0.05889423076923077
1 0.8762019230769231 0.6286057692307693 0.020432692307692308 0.030048076923076924
1 0.984375 0.6129807692307693 0.019230769230769232 0.02283653846153846
0 0.47596153846153844 0.13822115384615385 0.22235576923076922 0.24519230769230768
0 0.3137019230769231 0.20673076923076922 0.0673076923076923 0.1201923076923077
2 0.13942307692307693 0.18389423076923078 0.27403846153846156 0.35697115384615385
1 0.36177884615384615 0.6550480769230769 0.16706730769230768 0.08413461538461539