0 0.609375 0.7524038461538461 0.1778846153846154 0.0889423076923077
0 0.9290865384615384 0.6875 0.12259615384615384 0.20072115384615385
0 0.7692307692307693 0.7572115384615384 0.11778846153846154 0.0889423076923077
0 0.8653846153846154 0.12139423076923077 0.14543269230769232 0.17548076923076922
0 0.9759615384615384 0.2920673076923077 0.03485576923076923 0.10576923076923077
0 0.6778846153846154 0.18870192307692307 0.06370192307692307 0.1814903846153846
0 0.890625 0.28846153846153844 0.03125 0.03485576923076923
0 0.5877403846153846 0.203125 0.06129807692307692 0.16346153846153846
0 0.36177884615384615 0.38341346153846156 0.19230769230769232 0.7139423076923077
0 0.0625 0.6298076923076923 0.07211538461538461 0.09014423076923077
0 0.1502403846153846 0.36778846153846156 0.16826923076923078 0.39302884615384615
0 0.5360576923076923 0.07932692307692307 0.11538461538461539 0.07692307692307693