0 0.8557692307692307 0.5036057692307693 0.2620192307692308 0.31971153846153844
1 0.32572115384615385 0.2776442307692308 0.04326923076923077 0.07091346153846154
1 0.7403846153846154 0.765625 0.2403846153846154 0.10096153846153846
1 0.16346153846153846 0.7019230769230769 0.09375 0.13701923076923078
1 0.26802884615384615 0.6538461538461539 0.038461538461538464 0.06971153846153846
1 0.25600961538461536 0.8173076923076923 0.03245192307692308 0.0829326923076923
1 0.2956730769230769 0.75 0.020432692307692308 0.052884615384615384
1 0.3449519230769231 0.8233173076923077 0.042067307692307696 0.07211538461538461
1 0.38221153846153844 0.7596153846153846 0.04567307692307692 0.07211538461538461
1 0.4362980769230769 0.7439903846153846 0.042067307692307696 0.109375
1 0.5396634615384616 0.7584134615384616 0.042067307692307696 0.13341346153846154