0 0.6766826923076923 0.14423076923076922 0.07932692307692307 0.1141826923076923
0 0.6923076923076923 0.2620192307692308 0.0673076923076923 0.08173076923076923
0 0.703125 0.44591346153846156 0.10096153846153846 0.2548076923076923
0 0.7079326923076923 0.7043269230769231 0.10576923076923077 0.19951923076923078
0 0.6923076923076923 0.9038461538461539 0.06490384615384616 0.17067307692307693
0 0.5673076923076923 0.8978365384615384 0.038461538461538464 0.04927884615384615
0 0.5697115384615384 0.7932692307692307 0.027644230769230768 0.056490384615384616
0 0.5697115384615384 0.3918269230769231 0.03125 0.038461538461538464
0 0.5324519230769231 0.24519230769230768 0.1045673076923077 0.10216346153846154
0 0.5084134615384616 0.015625 0.046875 0.03125
0 0.3918269230769231 0.6838942307692307 0.054086538461538464 0.06129807692307692
0 0.3762019230769231 0.9675480769230769 0.04447115384615385 0.04447115384615385
0 0.25961538461538464 0.6466346153846154 0.030048076923076924 0.05889423076923077
2 0.8653846153846154 0.49158653846153844 0.25721153846153844 0.9807692307692307
2 0.37259615384615385 0.3269230769230769 0.21514423076923078 0.6262019230769231
2 0.47716346153846156 0.8353365384615384 0.13942307692307693 0.2980769230769231