0 0.06850961538461539 0.625 0.09975961538461539 0.0625
0 0.2091346153846154 0.5817307692307693 0.171875 0.15504807692307693
0 0.4567307692307692 0.6478365384615384 0.03125 0.026442307692307692
0 0.47596153846153844 0.4567307692307692 0.03365384615384615 0.046875
0 0.5817307692307693 0.6574519230769231 0.0733173076923077 0.03245192307692308
0 0.6983173076923077 0.6802884615384616 0.038461538461538464 0.05048076923076923
0 0.7223557692307693 0.49759615384615385 0.021634615384615384 0.038461538461538464
0 0.359375 0.3449519230769231 0.08653846153846154 0.05889423076923077
0 0.7367788461538461 0.34615384615384615 0.10336538461538461 0.08533653846153846
0 0.8894230769230769 0.390625 0.1658653846153846 0.12139423076923077
0 0.8617788461538461 0.6310096153846154 0.23677884615384615 0.21153846153846154