0 0.5300480769230769 0.25 0.10096153846153846 0.11298076923076923
0 0.5721153846153846 0.38461538461538464 0.030048076923076924 0.06610576923076923
0 0.6875 0.13942307692307693 0.06971153846153846 0.14783653846153846
0 0.6838942307692307 0.24759615384615385 0.055288461538461536 0.07572115384615384
0 0.7043269230769231 0.4411057692307692 0.10336538461538461 0.2824519230769231
0 0.7103365384615384 0.7055288461538461 0.10096153846153846 0.20432692307692307
0 0.6995192307692307 0.9026442307692307 0.07451923076923077 0.171875
0 0.5673076923076923 0.890625 0.037259615384615384 0.051682692307692304
0 0.5685096153846154 0.78125 0.026442307692307692 0.06129807692307692
0 0.3737980769230769 0.9639423076923077 0.06129807692307692 0.05889423076923077
0 0.39783653846153844 0.6778846153846154 0.051682692307692304 0.078125
0 0.2548076923076923 0.6370192307692307 0.036057692307692304 0.056490384615384616
2 0.8689903846153846 0.49158653846153844 0.23317307692307693 0.96875
2 0.3425480769230769 0.13701923076923078 0.15504807692307693 0.24278846153846154
0 0.5132211538461539 0.015625 0.05048076923076923 0.03125
0 0.5036057692307693 0.5540865384615384 0.17668269230769232 0.40384615384615385