0 0.484375 0.39663461538461536 0.15985576923076922 0.1346153846153846
0 0.5228365384615384 0.5588942307692307 0.04326923076923077 0.04927884615384615
0 0.4230769230769231 0.6598557692307693 0.05889423076923077 0.039663461538461536
2 0.49038461538461536 0.20072115384615385 0.15144230769230768 0.2608173076923077
1 0.8004807692307693 0.6045673076923077 0.04567307692307692 0.0673076923076923
1 0.8088942307692307 0.7884615384615384 0.03245192307692308 0.05048076923076923
1 0.8870192307692307 0.7884615384615384 0.015625 0.03125
1 0.9338942307692307 0.8016826923076923 0.026442307692307692 0.03365384615384615
1 0.96875 0.8028846153846154 0.014423076923076924 0.036057692307692304
1 0.43990384615384615 0.7283653846153846 0.02283653846153846 0.03125
1 0.3112980769230769 0.9555288461538461 0.013221153846153846 0.030048076923076924
1 0.07692307692307693 0.7884615384615384 0.026442307692307692 0.04927884615384615
1 0.08413461538461539 0.734375 0.018028846153846152 0.042067307692307696
1 0.18870192307692307 0.7860576923076923 0.026442307692307692 0.030048076923076924
1 0.28966346153846156 0.7944711538461539 0.030048076923076924 0.046875
1 0.3293269230769231 0.7860576923076923 0.025240384615384616 0.054086538461538464
1 0.28125 0.7367788461538461 0.020432692307692308 0.02283653846153846
1 0.03125 0.35096153846153844 0.06009615384615385 0.11899038461538461