0 0.028846153846153848 0.7788461538461539 0.057692307692307696 0.14783653846153846
0 0.06370192307692307 0.5516826923076923 0.12740384615384615 0.10336538461538461
0 0.07211538461538461 0.17668269230769232 0.13701923076923078 0.16706730769230768
0 0.25600961538461536 0.33052884615384615 0.08413461538461539 0.05889423076923077
0 0.33774038461538464 0.20192307692307693 0.12620192307692307 0.06850961538461539
0 0.5216346153846154 0.21875 0.12620192307692307 0.1045673076923077
0 0.6033653846153846 0.2620192307692308 0.02403846153846154 0.051682692307692304
0 0.5 0.3329326923076923 0.04447115384615385 0.08413461538461539
0 0.5793269230769231 0.3389423076923077 0.1045673076923077 0.08774038461538461
0 0.6947115384615384 0.3389423076923077 0.11899038461538461 0.0673076923076923
0 0.6995192307692307 0.4639423076923077 0.11538461538461539 0.15985576923076922
0 0.5048076923076923 0.4651442307692308 0.040865384615384616 0.07451923076923077
0 0.5793269230769231 0.5300480769230769 0.0889423076923077 0.052884615384615384
0 0.7848557692307693 0.3713942307692308 0.025240384615384616 0.038461538461538464
0 0.9122596153846154 0.3641826923076923 0.07211538461538461 0.05048076923076923
2 0.328125 0.09134615384615384 0.6538461538461539 0.1778846153846154