0 0.07211538461538461 0.15985576923076922 0.13701923076923078 0.14423076923076922
0 0.18509615384615385 0.2536057692307692 0.08653846153846154 0.140625
0 0.29086538461538464 0.38461538461538464 0.10576923076923077 0.11899038461538461
0 0.41586538461538464 0.4879807692307692 0.13701923076923078 0.125
0 0.5216346153846154 0.5516826923076923 0.07091346153846154 0.18870192307692307
0 0.6394230769230769 0.6622596153846154 0.0829326923076923 0.12379807692307693
0 0.7259615384615384 0.7103365384615384 0.09014423076923077 0.15985576923076922
0 0.84375 0.796875 0.07211538461538461 0.08653846153846154
0 0.9038461538461539 0.8509615384615384 0.051682692307692304 0.03245192307692308
1 0.11538461538461539 0.5637019230769231 0.03365384615384615 0.06129807692307692
1 0.16706730769230768 0.546875 0.038461538461538464 0.0673076923076923
1 0.2439903846153846 0.5516826923076923 0.026442307692307692 0.0733173076923077
1 0.3918269230769231 0.5552884615384616 0.07692307692307693 0.07211538461538461