0 0.4387019230769231 0.6454326923076923 0.038461538461538464 0.23317307692307693
1 0.8353365384615384 0.7331730769230769 0.040865384615384616 0.07692307692307693
1 0.9182692307692307 0.36778846153846156 0.0889423076923077 0.171875
1 0.6610576923076923 0.8052884615384616 0.14182692307692307 0.09254807692307693
1 0.7920673076923077 0.8413461538461539 0.038461538461538464 0.06850961538461539
1 0.6478365384615384 0.9459134615384616 0.06370192307692307 0.055288461538461536
1 0.35336538461538464 0.96875 0.037259615384615384 0.054086538461538464
1 0.41346153846153844 0.9098557692307693 0.038461538461538464 0.06129807692307692
1 0.4675480769230769 0.9110576923076923 0.020432692307692308 0.046875
1 0.32091346153846156 0.6875 0.0673076923076923 0.06009615384615385
1 0.3173076923076923 0.7872596153846154 0.02403846153846154 0.078125