0 0.5252403846153846 0.33533653846153844 0.46033653846153844 0.6478365384615384
1 0.23317307692307693 0.5841346153846154 0.09615384615384616 0.1201923076923077
1 0.3485576923076923 0.5829326923076923 0.12379807692307693 0.1310096153846154
1 0.7668269230769231 0.4987980769230769 0.109375 0.11778846153846154
1 0.9543269230769231 0.5697115384615384 0.08774038461538461 0.12860576923076922
1 0.75 0.6682692307692307 0.12860576923076922 0.10336538461538461
1 0.7475961538461539 0.8052884615384616 0.1310096153846154 0.12139423076923077
1 0.203125 0.7908653846153846 0.08413461538461539 0.07211538461538461
1 0.2403846153846154 0.9711538461538461 0.12980769230769232 0.039663461538461536
1 0.359375 0.9050480769230769 0.10697115384615384 0.03125
1 0.9206730769230769 0.7896634615384616 0.04447115384615385 0.026442307692307692
1 0.9759615384615384 0.8401442307692307 0.040865384615384616 0.027644230769230768
1 0.9302884615384616 0.9675480769230769 0.04927884615384615 0.038461538461538464