0 0.1814903846153846 0.5480769230769231 0.20793269230769232 0.0625
0 0.4170673076923077 0.47716346153846156 0.2512019230769231 0.20793269230769232
0 0.5949519230769231 0.4519230769230769 0.10096153846153846 0.0829326923076923
0 0.02403846153846154 0.5096153846153846 0.04447115384615385 0.16105769230769232
0 0.0625 0.5973557692307693 0.018028846153846152 0.07932692307692307
0 0.0625 0.7115384615384616 0.1045673076923077 0.2091346153846154
2 0.12860576923076922 0.3485576923076923 0.2247596153846154 0.22596153846153846
2 0.3173076923076923 0.23557692307692307 0.1466346153846154 0.19831730769230768
2 0.59375 0.18389423076923078 0.140625 0.203125
1 0.18509615384615385 0.7235576923076923 0.042067307692307696 0.0733173076923077
0 0.19230769230769232 0.6213942307692307 0.027644230769230768 0.07692307692307693
1 0.2692307692307692 0.71875 0.06129807692307692 0.078125
1 0.5564903846153846 0.6983173076923077 0.03365384615384615 0.051682692307692304
1 0.6286057692307693 0.5757211538461539 0.05889423076923077 0.06610576923076923
0 0.2800480769230769 0.6225961538461539 0.02283653846153846 0.051682692307692304
0 0.33533653846153844 0.6117788461538461 0.02283653846153846 0.030048076923076924
1 0.8942307692307693 0.6911057692307693 0.030048076923076924 0.037259615384615384