0 0.5072115384615384 0.6286057692307693 0.09615384615384616 0.28365384615384615
0 0.5600961538461539 0.4266826923076923 0.11057692307692307 0.20192307692307693
0 0.6009615384615384 0.5769230769230769 0.06610576923076923 0.08052884615384616
0 0.5877403846153846 0.7139423076923077 0.06490384615384616 0.16947115384615385
0 0.45913461538461536 0.8353365384615384 0.013221153846153846 0.055288461538461536
0 0.5829326923076923 0.8689903846153846 0.08052884615384616 0.1466346153846154
0 0.5024038461538461 0.8449519230769231 0.04807692307692308 0.051682692307692304
1 0.1875 0.5661057692307693 0.06610576923076923 0.09735576923076923
1 0.15745192307692307 0.6478365384615384 0.06129807692307692 0.06009615384615385
1 0.06971153846153846 0.703125 0.036057692307692304 0.054086538461538464
1 0.07451923076923077 0.3016826923076923 0.12620192307692307 0.0985576923076923
1 0.41466346153846156 0.6911057692307693 0.05889423076923077 0.06370192307692307
1 0.3317307692307692 0.6971153846153846 0.030048076923076924 0.04807692307692308
1 0.4098557692307692 0.7728365384615384 0.056490384615384616 0.0625
1 0.30528846153846156 0.4326923076923077 0.03365384615384615 0.19951923076923078
1 0.47115384615384615 0.24759615384615385 0.036057692307692304 0.057692307692307696
1 0.12379807692307693 0.2247596153846154 0.03365384615384615 0.05048076923076923
1 0.8822115384615384 0.6490384615384616 0.13221153846153846 0.057692307692307696