0 0.6610576923076923 0.5564903846153846 0.23677884615384615 0.4807692307692308
0 0.6129807692307693 0.8461538461538461 0.026442307692307692 0.036057692307692304
0 0.7079326923076923 0.8269230769230769 0.037259615384615384 0.051682692307692304
2 0.6923076923076923 0.18509615384615385 0.25240384615384615 0.32572115384615385
2 0.9338942307692307 0.6225961538461539 0.10576923076923077 0.2704326923076923
1 0.078125 0.4423076923076923 0.0673076923076923 0.15625
1 0.1658653846153846 0.5985576923076923 0.09735576923076923 0.15144230769230768
1 0.31850961538461536 0.5516826923076923 0.1201923076923077 0.16105769230769232
1 0.4050480769230769 0.5612980769230769 0.03365384615384615 0.13942307692307693
1 0.45913461538461536 0.49759615384615385 0.051682692307692304 0.16105769230769232
1 0.25 0.109375 0.14903846153846154 0.2127403846153846
1 0.47836538461538464 0.19471153846153846 0.2776442307692308 0.11538461538461539
1 0.41586538461538464 0.08413461538461539 0.08413461538461539 0.15384615384615385
1 0.9627403846153846 0.24879807692307693 0.06610576923076923 0.13221153846153846