0 0.7439903846153846 0.3112980769230769 0.22956730769230768 0.2824519230769231
0 0.5528846153846154 0.35096153846153844 0.03125 0.026442307692307692
0 0.6069711538461539 0.3762019230769231 0.06009615384615385 0.028846153846153848
0 0.48197115384615385 0.16706730769230768 0.05048076923076923 0.037259615384615384
0 0.4699519230769231 0.33533653846153844 0.06370192307692307 0.028846153846153848
2 0.6814903846153846 0.7283653846153846 0.14302884615384615 0.29927884615384615
1 0.1346153846153846 0.12980769230769232 0.11057692307692307 0.08774038461538461
1 0.44591346153846156 0.7403846153846154 0.05048076923076923 0.028846153846153848
1 0.8990384615384616 0.75 0.10697115384615384 0.13581730769230768
1 0.20552884615384615 0.6947115384615384 0.06490384615384616 0.04326923076923077
1 0.203125 0.4411057692307692 0.10697115384615384 0.07692307692307693
1 0.3137019230769231 0.22115384615384615 0.10216346153846154 0.06009615384615385