0 0.18629807692307693 0.5985576923076923 0.07692307692307693 0.11538461538461539
0 0.17067307692307693 0.27283653846153844 0.056490384615384616 0.07572115384615384
0 0.3076923076923077 0.30649038461538464 0.052884615384615384 0.06009615384615385
0 0.34375 0.3557692307692308 0.046875 0.0673076923076923
0 0.35697115384615385 0.4807692307692308 0.026442307692307692 0.04927884615384615
0 0.5889423076923077 0.5793269230769231 0.040865384615384616 0.09375
0 0.6370192307692307 0.5817307692307693 0.027644230769230768 0.057692307692307696
0 0.7800480769230769 0.7271634615384616 0.020432692307692308 0.030048076923076924
0 0.6766826923076923 0.3233173076923077 0.036057692307692304 0.0829326923076923
0 0.5336538461538461 0.3605769230769231 0.027644230769230768 0.04927884615384615
0 0.5432692307692307 0.2848557692307692 0.030048076923076924 0.040865384615384616
2 0.09615384615384616 0.25240384615384615 0.19230769230769232 0.5
2 0.24759615384615385 0.1346153846153846 0.10576923076923077 0.24519230769230768
2 0.4206730769230769 0.25 0.21634615384615385 0.4963942307692308
2 0.6033653846153846 0.4387019230769231 0.0733173076923077 0.15745192307692307
2 0.5829326923076923 0.23557692307692307 0.08173076923076923 0.15625
2 0.6310096153846154 0.10336538461538461 0.171875 0.17067307692307693