0 0.1045673076923077 0.8425480769230769 0.17427884615384615 0.16706730769230768
0 0.1310096153846154 0.6706730769230769 0.055288461538461536 0.04447115384615385
0 0.27884615384615385 0.7992788461538461 0.11899038461538461 0.17908653846153846
0 0.37259615384615385 0.7620192307692307 0.040865384615384616 0.056490384615384616
0 0.4807692307692308 0.5733173076923077 0.27524038461538464 0.3317307692307692
0 0.5420673076923077 0.7584134615384616 0.03365384615384615 0.03245192307692308
0 0.5288461538461539 0.37740384615384615 0.03365384615384615 0.06971153846153846
0 0.5925480769230769 0.3473557692307692 0.046875 0.0625
0 0.7668269230769231 0.6153846153846154 0.06850961538461539 0.06610576923076923
0 0.8317307692307693 0.6274038461538461 0.021634615384615384 0.03125
0 0.8846153846153846 0.6237980769230769 0.027644230769230768 0.051682692307692304
0 0.7175480769230769 0.7800480769230769 0.07451923076923077 0.07091346153846154
0 0.9134615384615384 0.7247596153846154 0.17067307692307693 0.09495192307692307
0 0.9158653846153846 0.8822115384615384 0.040865384615384616 0.07091346153846154
2 0.6526442307692307 0.08774038461538461 0.28125 0.14543269230769232
2 0.8954326923076923 0.1310096153846154 0.18629807692307693 0.10096153846153846
2 0.49278846153846156 0.34975961538461536 0.06971153846153846 0.19110576923076922