0 0.0733173076923077 0.14783653846153846 0.12860576923076922 0.14903846153846154
0 0.19230769230769232 0.26322115384615385 0.09014423076923077 0.15985576923076922
0 0.28966346153846156 0.38461538461538464 0.10817307692307693 0.13221153846153846
0 0.4230769230769231 0.49158653846153844 0.13341346153846154 0.15144230769230768
0 0.5853365384615384 0.625 0.19831730769230768 0.203125
0 0.7475961538461539 0.7391826923076923 0.12259615384615384 0.1466346153846154
0 0.8737980769230769 0.8088942307692307 0.12139423076923077 0.11899038461538461
1 0.11658653846153846 0.5420673076923077 0.040865384615384616 0.07211538461538461
1 0.16947115384615385 0.5360576923076923 0.02403846153846154 0.057692307692307696
1 0.2403846153846154 0.5360576923076923 0.04326923076923077 0.06971153846153846
1 0.39663461538461536 0.546875 0.036057692307692304 0.06971153846153846
1 0.37259615384615385 0.546875 0.025240384615384616 0.04326923076923077
1 0.4411057692307692 0.5408653846153846 0.02403846153846154 0.06370192307692307