0 0.6478365384615384 0.453125 0.07932692307692307 0.13221153846153846
0 0.7451923076923077 0.5456730769230769 0.037259615384615384 0.07211538461538461
0 0.8016826923076923 0.6033653846153846 0.06009615384615385 0.07091346153846154
0 0.8545673076923077 0.6165865384615384 0.018028846153846152 0.04927884615384615
1 0.46153846153846156 0.5637019230769231 0.028846153846153848 0.04326923076923077
1 0.703125 0.5997596153846154 0.04807692307692308 0.052884615384615384
1 0.47716346153846156 0.7139423076923077 0.07451923076923077 0.046875
1 0.18389423076923078 0.7007211538461539 0.039663461538461536 0.054086538461538464
1 0.04927884615384615 0.7524038461538461 0.051682692307692304 0.021634615384615384
1 0.17067307692307693 0.7932692307692307 0.03485576923076923 0.027644230769230768
1 0.5324519230769231 0.7692307692307693 0.020432692307692308 0.055288461538461536
1 0.03365384615384615 0.5745192307692307 0.025240384615384616 0.046875
2 0.23557692307692307 0.078125 0.2644230769230769 0.14182692307692307
2 0.25841346153846156 0.375 0.18269230769230768 0.4266826923076923
2 0.42908653846153844 0.07091346153846154 0.08173076923076923 0.13221153846153846
2 0.5540865384615384 0.10697115384615384 0.10576923076923077 0.18269230769230768
2 0.7379807692307693 0.22355769230769232 0.23197115384615385 0.41466346153846156
2 0.8088942307692307 0.5 0.07692307692307693 0.125