0 0.44350961538461536 0.4170673076923077 0.21754807692307693 0.2956730769230769
0 0.29447115384615385 0.6334134615384616 0.11899038461538461 0.21634615384615385
0 0.44471153846153844 0.8305288461538461 0.4050480769230769 0.0889423076923077
0 0.6310096153846154 0.34975961538461536 0.08413461538461539 0.09495192307692307
0 0.6850961538461539 0.5384615384615384 0.03365384615384615 0.04927884615384615
0 0.7572115384615384 0.7043269230769231 0.18990384615384615 0.2776442307692308
0 0.6237980769230769 0.6838942307692307 0.056490384615384616 0.04927884615384615
0 0.4891826923076923 0.703125 0.06850961538461539 0.054086538461538464
0 0.5576923076923077 0.7307692307692307 0.02403846153846154 0.020432692307692308
0 0.18028846153846154 0.8629807692307693 0.03245192307692308 0.030048076923076924
2 0.7716346153846154 0.2608173076923077 0.40865384615384615 0.5132211538461539
2 0.28725961538461536 0.42427884615384615 0.11538461538461539 0.1658653846153846
2 0.9098557692307693 0.671875 0.10576923076923077 0.203125