0 0.17067307692307693 0.6310096153846154 0.3245192307692308 0.25240384615384615
0 0.4831730769230769 0.44711538461538464 0.27884615384615385 0.3641826923076923
0 0.6574519230769231 0.10576923076923077 0.21634615384615385 0.21033653846153846
2 0.4254807692307692 0.1141826923076923 0.27163461538461536 0.21634615384615385
2 0.3605769230769231 0.3942307692307692 0.10817307692307693 0.19230769230769232
1 0.14302884615384615 0.6887019230769231 0.06370192307692307 0.07692307692307693
1 0.2283653846153846 0.6646634615384616 0.05889423076923077 0.08533653846153846
1 0.3942307692307692 0.6875 0.056490384615384616 0.09375
1 0.1658653846153846 0.8473557692307693 0.16947115384615385 0.07692307692307693
1 0.18990384615384615 0.9314903846153846 0.21033653846153846 0.10336538461538461
1 0.3401442307692308 0.8088942307692307 0.03485576923076923 0.08052884615384616
1 0.41586538461538464 0.8076923076923077 0.036057692307692304 0.07091346153846154
1 0.39302884615384615 0.9350961538461539 0.08533653846153846 0.06850961538461539