0 0.640625 0.6213942307692307 0.039663461538461536 0.057692307692307696
0 0.5973557692307693 0.6358173076923077 0.052884615384615384 0.08413461538461539
0 0.7175480769230769 0.6189903846153846 0.03245192307692308 0.037259615384615384
0 0.7560096153846154 0.7283653846153846 0.046875 0.051682692307692304
0 0.9459134615384616 0.7463942307692307 0.036057692307692304 0.038461538461538464
1 0.5805288461538461 0.7560096153846154 0.010817307692307692 0.02403846153846154
1 0.5817307692307693 0.8064903846153846 0.008413461538461538 0.021634615384615384
1 0.5925480769230769 0.8641826923076923 0.02403846153846154 0.02283653846153846
1 0.65625 0.8629807692307693 0.009615384615384616 0.02403846153846154
1 0.3449519230769231 0.5012019230769231 0.08653846153846154 0.109375
1 0.18028846153846154 0.6081730769230769 0.08533653846153846 0.04447115384615385
1 0.2668269230769231 0.5408653846153846 0.020432692307692308 0.04326923076923077
1 0.10336538461538461 0.6622596153846154 0.08774038461538461 0.057692307692307696
2 0.4567307692307692 0.3329326923076923 0.2127403846153846 0.27283653846153844
2 0.5961538461538461 0.5 0.2512019230769231 0.16706730769230768
2 0.8149038461538461 0.6430288461538461 0.08774038461538461 0.10096153846153846