0 0.19951923076923078 0.4230769230769231 0.030048076923076924 0.052884615384615384
0 0.4375 0.5180288461538461 0.030048076923076924 0.06850961538461539
0 0.19110576923076922 0.11899038461538461 0.04326923076923077 0.06129807692307692
2 0.5697115384615384 0.484375 0.11899038461538461 0.1658653846153846
2 0.4675480769230769 0.2644230769230769 0.171875 0.125
2 0.2920673076923077 0.16346153846153846 0.15144230769230768 0.22235576923076922
2 0.11538461538461539 0.11177884615384616 0.20192307692307693 0.1971153846153846
2 0.6165865384615384 0.09615384615384616 0.02403846153846154 0.046875
1 0.4483173076923077 0.6117788461538461 0.0829326923076923 0.14423076923076922
1 0.46153846153846156 0.5372596153846154 0.018028846153846152 0.025240384615384616
1 0.8245192307692307 0.8112980769230769 0.18629807692307693 0.14903846153846154