0 0.0985576923076923 0.3425480769230769 0.1658653846153846 0.2800480769230769
1 0.25961538461538464 0.2439903846153846 0.03485576923076923 0.12980769230769232
1 0.052884615384615384 0.5384615384615384 0.04567307692307692 0.14543269230769232
1 0.38100961538461536 0.3918269230769231 0.07451923076923077 0.09735576923076923
1 0.6069711538461539 0.37740384615384615 0.11658653846153846 0.10336538461538461
1 0.7223557692307693 0.4074519230769231 0.0733173076923077 0.078125
1 0.7704326923076923 0.6766826923076923 0.04447115384615385 0.08173076923076923
1 0.7067307692307693 0.9158653846153846 0.11057692307692307 0.15144230769230768
1 0.9314903846153846 0.9110576923076923 0.08533653846153846 0.16466346153846154
1 0.30288461538461536 0.25600961538461536 0.03245192307692308 0.13221153846153846
1 0.5360576923076923 0.21995192307692307 0.14423076923076922 0.18870192307692307