0 0.6899038461538461 0.6899038461538461 0.09254807692307693 0.16947115384615385
1 0.9507211538461539 0.2548076923076923 0.09134615384615384 0.29447115384615385
1 0.8882211538461539 0.4579326923076923 0.03365384615384615 0.051682692307692304
1 0.6899038461538461 0.484375 0.052884615384615384 0.1045673076923077
1 0.4579326923076923 0.10096153846153846 0.14182692307692307 0.14543269230769232
1 0.59375 0.14543269230769232 0.10096153846153846 0.1502403846153846
1 0.4735576923076923 0.25961538461538464 0.039663461538461536 0.2776442307692308
1 0.30649038461538464 0.5444711538461539 0.16706730769230768 0.16346153846153846
1 0.4050480769230769 0.8509615384615384 0.21634615384615385 0.14783653846153846
1 0.9050480769230769 0.8341346153846154 0.15985576923076922 0.2932692307692308
1 0.5961538461538461 0.37259615384615385 0.051682692307692304 0.25
1 0.6081730769230769 0.5877403846153846 0.07091346153846154 0.125