0 0.421875 0.8016826923076923 0.055288461538461536 0.12620192307692307
0 0.49158653846153844 0.9278846153846154 0.03365384615384615 0.07692307692307693
0 0.5492788461538461 0.8425480769230769 0.0625 0.0673076923076923
0 0.5456730769230769 0.9278846153846154 0.06850961538461539 0.06129807692307692
0 0.6033653846153846 0.8930288461538461 0.052884615384615384 0.07692307692307693
0 0.4963942307692308 0.5973557692307693 0.03365384615384615 0.08052884615384616
0 0.4987980769230769 0.6923076923076923 0.042067307692307696 0.054086538461538464
0 0.47115384615384615 0.6862980769230769 0.03365384615384615 0.10096153846153846
0 0.49399038461538464 0.5108173076923077 0.030048076923076924 0.08653846153846154
0 0.46274038461538464 0.47115384615384615 0.030048076923076924 0.09134615384615384
0 0.4855769230769231 0.3798076923076923 0.04567307692307692 0.1971153846153846
0 0.5480769230769231 0.4362980769230769 0.06850961538461539 0.16706730769230768
0 0.5697115384615384 0.6490384615384616 0.08533653846153846 0.06850961538461539
0 0.5504807692307693 0.765625 0.03125 0.06971153846153846
0 0.5889423076923077 0.7596153846153846 0.020432692307692308 0.07932692307692307
0 0.5661057692307693 0.5576923076923077 0.040865384615384616 0.06971153846153846
0 0.4807692307692308 0.2283653846153846 0.016826923076923076 0.04927884615384615
2 0.7487980769230769 0.29927884615384615 0.46274038461538464 0.5973557692307693
2 0.6574519230769231 0.71875 0.0733173076923077 0.19591346153846154
1 0.12980769230769232 0.5805288461538461 0.0625 0.05889423076923077
1 0.21754807692307693 0.5901442307692307 0.057692307692307696 0.0625
1 0.31490384615384615 0.6983173076923077 0.10096153846153846 0.03245192307692308
1 0.03365384615384615 0.7079326923076923 0.0673076923076923 0.078125
1 0.10817307692307693 0.6598557692307693 0.0889423076923077 0.0733173076923077
1 0.042067307692307696 0.49399038461538464 0.07211538461538461 0.07211538461538461
1 0.09735576923076923 0.421875 0.036057692307692304 0.07572115384615384
1 0.0625 0.2776442307692308 0.10336538461538461 0.0985576923076923
1 0.31490384615384615 0.3269230769230769 0.03245192307692308 0.03485576923076923
1 0.2704326923076923 0.43028846153846156 0.03245192307692308 0.18269230769230768
1 0.4423076923076923 0.22956730769230768 0.05889423076923077 0.06850961538461539
1 0.296875 0.25 0.04326923076923077 0.03365384615384615
1 0.6634615384615384 0.9627403846153846 0.0733173076923077 0.06850961538461539
1 0.9038461538461539 0.6165865384615384 0.18990384615384615 0.09134615384615384
1 0.9086538461538461 0.5492788461538461 0.030048076923076924 0.03485576923076923