0 0.43149038461538464 0.38221153846153844 0.12980769230769232 0.23798076923076922
0 0.6442307692307693 0.296875 0.23798076923076922 0.421875
0 0.7019230769230769 0.5661057692307693 0.13341346153846154 0.15384615384615385
0 0.7800480769230769 0.7355769230769231 0.06129807692307692 0.09134615384615384
0 0.9098557692307693 0.5108173076923077 0.09134615384615384 0.1201923076923077
1 0.02283653846153846 0.7199519230769231 0.039663461538461536 0.2403846153846154
1 0.1045673076923077 0.7475961538461539 0.09134615384615384 0.41466346153846156
1 0.16826923076923078 0.5841346153846154 0.03485576923076923 0.18269230769230768
1 0.25600961538461536 0.5733173076923077 0.09134615384615384 0.2620192307692308
1 0.3233173076923077 0.8449519230769231 0.2848557692307692 0.21995192307692307
1 0.859375 0.8846153846153846 0.19591346153846154 0.171875