0 0.36658653846153844 0.33774038461538464 0.14903846153846154 0.2668269230769231
0 0.7367788461538461 0.23677884615384615 0.11658653846153846 0.23798076923076922
2 0.5829326923076923 0.2920673076923077 0.1814903846153846 0.26802884615384615
2 0.2704326923076923 0.09495192307692307 0.4182692307692308 0.18269230769230768
1 0.23197115384615385 0.7235576923076923 0.46033653846153844 0.42427884615384615
1 0.5757211538461539 0.6057692307692307 0.026442307692307692 0.055288461538461536
1 0.9038461538461539 0.34375 0.16947115384615385 0.19230769230769232
1 0.7836538461538461 0.7463942307692307 0.03365384615384615 0.06490384615384616
1 0.7379807692307693 0.5817307692307693 0.06971153846153846 0.07091346153846154
1 0.9026442307692307 0.7235576923076923 0.057692307692307696 0.06009615384615385
1 0.8822115384615384 0.6442307692307693 0.0889423076923077 0.07572115384615384
0 0.49399038461538464 0.5120192307692307 0.051682692307692304 0.15865384615384615
2 0.15264423076923078 0.33774038461538464 0.16346153846153846 0.20793269230769232