0 0.12379807692307693 0.1310096153846154 0.17307692307692307 0.14182692307692307
0 0.29927884615384615 0.33052884615384615 0.18269230769230768 0.234375
0 0.4639423076923077 0.49759615384615385 0.14182692307692307 0.15384615384615385
0 0.5829326923076923 0.5649038461538461 0.07091346153846154 0.16706730769230768
0 0.7307692307692307 0.7211538461538461 0.19591346153846154 0.203125
0 0.9278846153846154 0.8665865384615384 0.13341346153846154 0.13581730769230768
0 0.8990384615384616 0.7355769230769231 0.026442307692307692 0.03245192307692308
2 0.6983173076923077 0.5348557692307693 0.037259615384615384 0.16346153846153846
2 0.49759615384615385 0.3786057692307692 0.037259615384615384 0.07932692307692307
1 0.1466346153846154 0.5612980769230769 0.02403846153846154 0.07091346153846154
1 0.20432692307692307 0.5612980769230769 0.038461538461538464 0.10336538461538461
1 0.27163461538461536 0.5540865384615384 0.055288461538461536 0.09495192307692307
1 0.4495192307692308 0.5649038461538461 0.10216346153846154 0.07572115384615384