0 0.1346153846153846 0.5829326923076923 0.20432692307692307 0.1622596153846154
0 0.3233173076923077 0.5240384615384616 0.11778846153846154 0.10697115384615384
0 0.34134615384615385 0.7367788461538461 0.09014423076923077 0.09495192307692307
0 0.43028846153846156 0.8088942307692307 0.04807692307692308 0.0625
0 0.5348557692307693 0.7463942307692307 0.040865384615384616 0.078125
0 0.6237980769230769 0.6670673076923077 0.09615384615384616 0.11899038461538461
0 0.7415865384615384 0.6334134615384616 0.06971153846153846 0.040865384615384616
0 0.8389423076923077 0.6213942307692307 0.03365384615384615 0.051682692307692304
2 0.5997596153846154 0.3088942307692308 0.20432692307692307 0.4567307692307692
2 0.24759615384615385 0.46634615384615385 0.0985576923076923 0.32091346153846156
2 0.41586538461538464 0.46033653846153844 0.09975961538461539 0.24879807692307693