0 0.2620192307692308 0.640625 0.11177884615384616 0.1141826923076923
0 0.11298076923076923 0.65625 0.0625 0.040865384615384616
0 0.052884615384615384 0.5372596153846154 0.0985576923076923 0.055288461538461536
0 0.21514423076923078 0.5480769230769231 0.11658653846153846 0.04567307692307692
0 0.3557692307692308 0.5456730769230769 0.030048076923076924 0.025240384615384616
0 0.4098557692307692 0.5516826923076923 0.021634615384615384 0.010817307692307692
0 0.6225961538461539 0.6466346153846154 0.056490384615384616 0.038461538461538464
0 0.8173076923076923 0.5805288461538461 0.04326923076923077 0.08533653846153846
2 0.6045673076923077 0.8269230769230769 0.22235576923076922 0.11538461538461539
2 0.16346153846153846 0.9266826923076923 0.09735576923076923 0.06490384615384616
2 0.037259615384615384 0.8689903846153846 0.07451923076923077 0.06971153846153846
2 0.1201923076923077 0.3629807692307692 0.15745192307692307 0.23076923076923078
2 0.546875 0.3581730769230769 0.10697115384615384 0.17427884615384615
2 0.5384615384615384 0.5961538461538461 0.0829326923076923 0.13581730769230768
2 0.7271634615384616 0.6586538461538461 0.06009615384615385 0.04927884615384615
2 0.07692307692307693 0.1045673076923077 0.1310096153846154 0.1622596153846154