0 0.14423076923076922 0.49158653846153844 0.14182692307692307 0.20192307692307693
0 0.11658653846153846 0.7475961538461539 0.07692307692307693 0.12980769230769232
0 0.4723557692307692 0.34615384615384615 0.17067307692307693 0.22235576923076922
0 0.6129807692307693 0.3954326923076923 0.11899038461538461 0.12379807692307693
0 0.7211538461538461 0.20432692307692307 0.07932692307692307 0.057692307692307696
0 0.7596153846153846 0.3786057692307692 0.10576923076923077 0.12379807692307693
0 0.8557692307692307 0.24158653846153846 0.06971153846153846 0.18269230769230768
0 0.9194711538461539 0.24759615384615385 0.036057692307692304 0.12139423076923077
0 0.14543269230769232 0.051682692307692304 0.06610576923076923 0.10336538461538461
0 0.07572115384615384 0.042067307692307696 0.03365384615384615 0.08413461538461539
0 0.24519230769230768 0.23317307692307693 0.0985576923076923 0.27524038461538464
0 0.24639423076923078 0.5769230769230769 0.07091346153846154 0.359375