0 0.3713942307692308 0.27163461538461536 0.12139423076923077 0.10817307692307693
0 0.32572115384615385 0.4254807692307692 0.05889423076923077 0.13341346153846154
0 0.30649038461538464 0.5336538461538461 0.05048076923076923 0.057692307692307696
0 0.36177884615384615 0.5216346153846154 0.021634615384615384 0.038461538461538464
2 0.5048076923076923 0.1310096153846154 0.17307692307692307 0.23076923076923078
1 0.08653846153846154 0.38822115384615385 0.09975961538461539 0.1141826923076923
1 0.06971153846153846 0.4951923076923077 0.07572115384615384 0.078125
1 0.16947115384615385 0.4987980769230769 0.042067307692307696 0.0673076923076923
1 0.171875 0.40865384615384615 0.057692307692307696 0.0673076923076923
1 0.24879807692307693 0.3870192307692308 0.08653846153846154 0.09254807692307693
1 0.10336538461538461 0.18389423076923078 0.03365384615384615 0.05048076923076923
1 0.9723557692307693 0.5144230769230769 0.028846153846153848 0.0733173076923077
1 0.7572115384615384 0.34615384615384615 0.037259615384615384 0.056490384615384616