0 0.23076923076923078 0.4375 0.0889423076923077 0.06129807692307692
0 0.5096153846153846 0.40384615384615385 0.22956730769230768 0.19591346153846154
0 0.7139423076923077 0.46634615384615385 0.15384615384615385 0.10336538461538461
0 0.46634615384615385 0.6370192307692307 0.24759615384615385 0.11658653846153846
0 0.6826923076923077 0.6586538461538461 0.07451923076923077 0.07091346153846154
2 0.5300480769230769 0.1466346153846154 0.30649038461538464 0.28725961538461536
1 0.078125 0.2764423076923077 0.15504807692307693 0.13701923076923078
1 0.08173076923076923 0.41346153846153844 0.16346153846153846 0.13942307692307693
1 0.7932692307692307 0.6538461538461539 0.057692307692307696 0.22355769230769232
1 0.9086538461538461 0.7259615384615384 0.06971153846153846 0.1045673076923077
1 0.8978365384615384 0.4891826923076923 0.18509615384615385 0.1466346153846154