0 0.8942307692307693 0.1658653846153846 0.07211538461538461 0.1201923076923077
0 0.7043269230769231 0.44711538461538464 0.09735576923076923 0.12379807692307693
0 0.39302884615384615 0.5709134615384616 0.051682692307692304 0.07211538461538461
0 0.5288461538461539 0.5324519230769231 0.04447115384615385 0.06610576923076923
0 0.5865384615384616 0.6105769230769231 0.052884615384615384 0.0985576923076923
0 0.6526442307692307 0.625 0.03365384615384615 0.06129807692307692
0 0.4795673076923077 0.6177884615384616 0.027644230769230768 0.04807692307692308
1 0.7992788461538461 0.7932692307692307 0.33774038461538464 0.24879807692307693
1 0.16706730769230768 0.6213942307692307 0.054086538461538464 0.09375
1 0.3112980769230769 0.6165865384615384 0.06490384615384616 0.056490384615384616
1 0.08413461538461539 0.6105769230769231 0.09735576923076923 0.09375
1 0.2091346153846154 0.6658653846153846 0.038461538461538464 0.11298076923076923