0 0.1622596153846154 0.43028846153846156 0.07692307692307693 0.11298076923076923
0 0.020432692307692308 0.4387019230769231 0.03485576923076923 0.036057692307692304
0 0.057692307692307696 0.5168269230769231 0.03125 0.03365384615384615
0 0.47716346153846156 0.4375 0.21995192307692307 0.203125
0 0.6334134615384616 0.45552884615384615 0.07692307692307693 0.13822115384615385
0 0.6550480769230769 0.6826923076923077 0.03365384615384615 0.046875
1 0.02283653846153846 0.6742788461538461 0.04567307692307692 0.34134615384615385
1 0.0889423076923077 0.734375 0.09495192307692307 0.34134615384615385
1 0.25 0.4987980769230769 0.08533653846153846 0.3317307692307692
1 0.33533653846153844 0.5 0.09975961538461539 0.3112980769230769
1 0.8413461538461539 0.546875 0.09615384615384616 0.2668269230769231
0 0.7932692307692307 0.5685096153846154 0.015625 0.07932692307692307
0 0.8810096153846154 0.5841346153846154 0.019230769230769232 0.07451923076923077