0 0.07091346153846154 0.26802884615384615 0.0829326923076923 0.11538461538461539
0 0.24278846153846154 0.3401442307692308 0.040865384615384616 0.0625
0 0.3016826923076923 0.1502403846153846 0.037259615384615384 0.055288461538461536
0 0.3557692307692308 0.6358173076923077 0.06009615384615385 0.078125
0 0.5504807692307693 0.41466346153846156 0.0625 0.07451923076923077
0 0.6153846153846154 0.2620192307692308 0.020432692307692308 0.02403846153846154
0 0.5132211538461539 0.27884615384615385 0.046875 0.08173076923076923
0 0.6875 0.49759615384615385 0.039663461538461536 0.07932692307692307
0 0.7608173076923077 0.44591346153846156 0.055288461538461536 0.09014423076923077
0 0.796875 0.625 0.027644230769230768 0.055288461538461536
0 0.828125 0.7668269230769231 0.05048076923076923 0.0625
0 0.8870192307692307 0.38100961538461536 0.015625 0.038461538461538464
0 0.8966346153846154 0.31971153846153844 0.030048076923076924 0.052884615384615384
0 0.9711538461538461 0.1201923076923077 0.04567307692307692 0.07091346153846154
0 0.7439903846153846 0.9350961538461539 0.07692307692307693 0.09615384615384616
0 0.6502403846153846 0.9338942307692307 0.07451923076923077 0.0673076923076923
0 0.5673076923076923 0.9567307692307693 0.027644230769230768 0.03245192307692308
0 0.45552884615384615 0.9471153846153846 0.07091346153846154 0.056490384615384616
0 0.2536057692307692 0.9399038461538461 0.11057692307692307 0.046875
0 0.019230769230769232 0.9302884615384616 0.037259615384615384 0.046875
2 0.8990384615384616 0.17427884615384615 0.06129807692307692 0.21875
2 0.8221153846153846 0.30288461538461536 0.09975961538461539 0.25600961538461536
2 0.6706730769230769 0.1778846153846154 0.06971153846153846 0.28966346153846156
2 0.6033653846153846 0.14543269230769232 0.04447115384615385 0.18629807692307693
2 0.5084134615384616 0.13221153846153846 0.06370192307692307 0.2091346153846154
2 0.3737980769230769 0.2800480769230769 0.08413461538461539 0.22355769230769232
2 0.2764423076923077 0.14903846153846154 0.13942307692307693 0.28725961538461536
2 0.07932692307692307 0.1201923076923077 0.11899038461538461 0.2127403846153846