0 0.18990384615384615 0.484375 0.3762019230769231 0.3076923076923077
0 0.5444711538461539 0.41947115384615385 0.3317307692307692 0.4411057692307692
0 0.7956730769230769 0.4375 0.1778846153846154 0.21514423076923078
2 0.15504807692307693 0.0829326923076923 0.31009615384615385 0.1658653846153846
2 0.19951923076923078 0.23677884615384615 0.3581730769230769 0.1502403846153846
2 0.4639423076923077 0.0985576923076923 0.2692307692307692 0.17307692307692307
2 0.8088942307692307 0.15504807692307693 0.3701923076923077 0.31009615384615385
0 0.8100961538461539 0.6502403846153846 0.10096153846153846 0.11778846153846154
1 0.5348557692307693 0.7451923076923077 0.3581730769230769 0.1658653846153846
1 0.11899038461538461 0.7295673076923077 0.234375 0.12980769230769232
1 0.49759615384615385 0.8834134615384616 0.12980769230769232 0.12740384615384615