0 0.5733173076923077 0.47596153846153844 0.052884615384615384 0.09014423076923077
0 0.6237980769230769 0.6286057692307693 0.05048076923076923 0.07932692307692307
0 0.6610576923076923 0.453125 0.016826923076923076 0.06009615384615385
0 0.703125 0.4855769230769231 0.03365384615384615 0.0889423076923077
1 0.41466346153846156 0.31009615384615385 0.18389423076923078 0.19831730769230768
1 0.6165865384615384 0.27163461538461536 0.08173076923076923 0.11899038461538461
1 0.6358173076923077 0.4170673076923077 0.06490384615384616 0.03485576923076923
1 0.6069711538461539 0.4639423076923077 0.02403846153846154 0.039663461538461536
1 0.6838942307692307 0.46033653846153844 0.019230769230769232 0.025240384615384616
1 0.6466346153846154 0.7740384615384616 0.07091346153846154 0.04927884615384615
1 0.4110576923076923 0.6790865384615384 0.1622596153846154 0.055288461538461536
1 0.328125 0.5889423076923077 0.04326923076923077 0.08653846153846154
1 0.4050480769230769 0.5036057692307693 0.140625 0.05889423076923077
1 0.5120192307692307 0.5036057692307693 0.03365384615384615 0.08413461538461539
1 0.5036057692307693 0.875 0.04326923076923077 0.0625
1 0.3581730769230769 0.9519230769230769 0.07211538461538461 0.04807692307692308
1 0.5372596153846154 0.9555288461538461 0.051682692307692304 0.06610576923076923