0 0.2692307692307692 0.11538461538461539 0.20552884615384615 0.23076923076923078
0 0.40865384615384615 0.24278846153846154 0.039663461538461536 0.05889423076923077
0 0.3401442307692308 0.33774038461538464 0.06009615384615385 0.21033653846153846
0 0.4338942307692308 0.53125 0.04807692307692308 0.06850961538461539
2 0.49759615384615385 0.10697115384615384 0.22355769230769232 0.1875
2 0.7055288461538461 0.3557692307692308 0.06490384615384616 0.09134615384615384
2 0.8028846153846154 0.4254807692307692 0.08653846153846154 0.07211538461538461
2 0.9302884615384616 0.390625 0.12139423076923077 0.15985576923076922
2 0.6442307692307693 0.8786057692307693 0.055288461538461536 0.046875
2 0.7560096153846154 0.8942307692307693 0.04927884615384615 0.07211538461538461
1 0.8846153846153846 0.8930288461538461 0.13822115384615385 0.12860576923076922
2 0.6694711538461539 0.07091346153846154 0.1045673076923077 0.13581730769230768