0 0.12860576923076922 0.7908653846153846 0.15504807692307693 0.10817307692307693
0 0.2512019230769231 0.5324519230769231 0.09254807692307693 0.10336538461538461
0 0.5432692307692307 0.6766826923076923 0.08774038461538461 0.13942307692307693
0 0.4206730769230769 0.7524038461538461 0.040865384615384616 0.052884615384615384
0 0.6959134615384616 0.7836538461538461 0.06129807692307692 0.06009615384615385
0 0.35096153846153844 0.42908653846153844 0.036057692307692304 0.05048076923076923
2 0.1622596153846154 0.18509615384615385 0.31971153846153844 0.36899038461538464
2 0.11298076923076923 0.5384615384615384 0.18028846153846154 0.3137019230769231
2 0.30649038461538464 0.7211538461538461 0.19951923076923078 0.27163461538461536
2 0.49038461538461536 0.1935096153846154 0.3473557692307692 0.3870192307692308
2 0.5324519230769231 0.578125 0.2980769230769231 0.35697115384615385
2 0.7764423076923077 0.6622596153846154 0.1622596153846154 0.2644230769230769