0 0.09615384615384616 0.6189903846153846 0.037259615384615384 0.09735576923076923
0 0.15865384615384615 0.6887019230769231 0.025240384615384616 0.03365384615384615
0 0.2283653846153846 0.6550480769230769 0.05048076923076923 0.042067307692307696
0 0.29927884615384615 0.703125 0.025240384615384616 0.03245192307692308
0 0.37259615384615385 0.6983173076923077 0.057692307692307696 0.08173076923076923
0 0.5168269230769231 0.6899038461538461 0.14903846153846154 0.06370192307692307
0 0.6694711538461539 0.6935096153846154 0.11057692307692307 0.09375
0 0.7692307692307693 0.6706730769230769 0.026442307692307692 0.046875
0 0.8173076923076923 0.6814903846153846 0.014423076923076924 0.03485576923076923
2 0.15144230769230768 0.47475961538461536 0.13701923076923078 0.21875
2 0.34615384615384615 0.42427884615384615 0.2403846153846154 0.41225961538461536
2 0.6526442307692307 0.3701923076923077 0.35697115384615385 0.5204326923076923
2 0.8377403846153846 0.5805288461538461 0.18990384615384615 0.21153846153846154
1 0.8774038461538461 0.8990384615384616 0.15504807692307693 0.1502403846153846