0 0.027644230769230768 0.8557692307692307 0.04807692307692308 0.027644230769230768
0 0.09254807692307693 0.828125 0.027644230769230768 0.03245192307692308
0 0.1935096153846154 0.8016826923076923 0.055288461538461536 0.04927884615384615
0 0.2764423076923077 0.7728365384615384 0.04807692307692308 0.036057692307692304
0 0.3629807692307692 0.7944711538461539 0.056490384615384616 0.04567307692307692
0 0.4495192307692308 0.8100961538461539 0.06490384615384616 0.042067307692307696
0 0.59375 0.9375 0.2127403846153846 0.04447115384615385
0 0.7512019230769231 0.9014423076923077 0.07692307692307693 0.04807692307692308
0 0.9723557692307693 0.7427884615384616 0.04807692307692308 0.03365384615384615
0 0.7223557692307693 0.7632211538461539 0.026442307692307692 0.014423076923076924
2 0.5877403846153846 0.41947115384615385 0.3137019230769231 0.21514423076923078
2 0.3605769230769231 0.6995192307692307 0.18629807692307693 0.12980769230769232
2 0.3557692307692308 0.45913461538461536 0.11899038461538461 0.21754807692307693
2 0.0985576923076923 0.4543269230769231 0.08533653846153846 0.09134615384615384