0 0.7199519230769231 0.6646634615384616 0.08052884615384616 0.17908653846153846
0 0.8161057692307693 0.5492788461538461 0.037259615384615384 0.12139423076923077
0 0.7860576923076923 0.6850961538461539 0.057692307692307696 0.039663461538461536
0 0.84375 0.6742788461538461 0.037259615384615384 0.09254807692307693
2 0.7163461538461539 0.24158653846153846 0.11899038461538461 0.4338942307692308
2 0.953125 0.21394230769230768 0.06850961538461539 0.125
2 0.9170673076923077 0.06370192307692307 0.08173076923076923 0.10697115384615384
2 0.4855769230769231 0.3605769230769231 0.12740384615384615 0.2800480769230769
2 0.6009615384615384 0.43028846153846156 0.12379807692307693 0.3004807692307692
2 0.32211538461538464 0.23197115384615385 0.054086538461538464 0.17548076923076922
1 0.33052884615384615 0.11298076923076923 0.6322115384615384 0.17668269230769232
1 0.8185096153846154 0.0829326923076923 0.0985576923076923 0.1502403846153846
1 0.9759615384615384 0.06850961538461539 0.037259615384615384 0.12980769230769232
1 0.8798076923076923 0.6454326923076923 0.021634615384615384 0.08533653846153846
1 0.9807692307692307 0.6466346153846154 0.027644230769230768 0.12379807692307693
1 0.25 0.6790865384615384 0.3016826923076923 0.16947115384615385
1 0.3942307692307692 0.8533653846153846 0.057692307692307696 0.09014423076923077
1 0.8653846153846154 0.8810096153846154 0.2536057692307692 0.22115384615384615