0 0.11778846153846154 0.2860576923076923 0.14182692307692307 0.1045673076923077
0 0.28846153846153844 0.1971153846153846 0.12139423076923077 0.16826923076923078
0 0.6382211538461539 0.265625 0.24158653846153846 0.12860576923076922
0 0.9182692307692307 0.31009615384615385 0.11778846153846154 0.10216346153846154
0 0.3016826923076923 0.7427884615384616 0.07932692307692307 0.08052884615384616
0 0.5504807692307693 0.734375 0.054086538461538464 0.04927884615384615
0 0.6502403846153846 0.7740384615384616 0.06610576923076923 0.056490384615384616
2 0.07692307692307693 0.125 0.15384615384615385 0.24519230769230768
2 0.3293269230769231 0.07572115384615384 0.16105769230769232 0.14423076923076922
2 0.7403846153846154 0.11057692307692307 0.38822115384615385 0.21394230769230768
2 0.7764423076923077 0.6754807692307693 0.3701923076923077 0.3870192307692308