0 0.09254807692307693 0.6514423076923077 0.05048076923076923 0.1045673076923077
0 0.15384615384615385 0.7223557692307693 0.020432692307692308 0.037259615384615384
0 0.22355769230769232 0.6947115384615384 0.036057692307692304 0.055288461538461536
0 0.3713942307692308 0.7379807692307693 0.06129807692307692 0.09134615384615384
0 0.5144230769230769 0.7247596153846154 0.1502403846153846 0.078125
0 0.6646634615384616 0.7259615384615384 0.11778846153846154 0.09375
0 0.7740384615384616 0.7079326923076923 0.02283653846153846 0.042067307692307696
0 0.8125 0.7175480769230769 0.019230769230769232 0.04447115384615385
2 0.609375 0.40865384615384615 0.3701923076923077 0.5192307692307693
2 0.8641826923076923 0.6286057692307693 0.09735576923076923 0.1310096153846154
2 0.29447115384615385 0.4795673076923077 0.2512019230769231 0.3233173076923077