0 0.7668269230769231 0.41346153846153844 0.0985576923076923 0.2644230769230769
0 0.6790865384615384 0.6334134615384616 0.23677884615384615 0.17067307692307693
0 0.3629807692307692 0.44471153846153844 0.21875 0.2860576923076923
1 0.49399038461538464 0.20552884615384615 0.3076923076923077 0.3004807692307692
1 0.5576923076923077 0.4362980769230769 0.056490384615384616 0.17908653846153846
1 0.8870192307692307 0.11298076923076923 0.14783653846153846 0.22115384615384615
1 0.328125 0.04326923076923077 0.09615384615384616 0.06610576923076923
1 0.8918269230769231 0.46875 0.1310096153846154 0.4074519230769231
1 0.38822115384615385 0.7536057692307693 0.36778846153846156 0.3389423076923077
1 0.015625 0.7379807692307693 0.026442307692307692 0.11658653846153846
1 0.18990384615384615 0.234375 0.09975961538461539 0.20432692307692307