0 0.10336538461538461 0.375 0.07091346153846154 0.04326923076923077
0 0.16947115384615385 0.5564903846153846 0.040865384615384616 0.10576923076923077
0 0.2920673076923077 0.6478365384615384 0.09615384615384616 0.055288461538461536
0 0.3641826923076923 0.7632211538461539 0.09495192307692307 0.07091346153846154
0 0.7764423076923077 0.7932692307692307 0.4338942307692308 0.0889423076923077
0 0.37259615384615385 0.5625 0.08653846153846154 0.10216346153846154
0 0.5360576923076923 0.6370192307692307 0.1346153846153846 0.0625
0 0.6129807692307693 0.5432692307692307 0.07692307692307693 0.15144230769230768
0 0.7800480769230769 0.5252403846153846 0.1622596153846154 0.11538461538461539
0 0.8762019230769231 0.359375 0.22355769230769232 0.3173076923076923
0 0.7007211538461539 0.34375 0.10096153846153846 0.1045673076923077
0 0.4483173076923077 0.34134615384615385 0.15865384615384615 0.09615384615384616
0 0.2932692307692308 0.3641826923076923 0.09975961538461539 0.06129807692307692