0 0.33653846153846156 0.6322115384615384 0.22716346153846154 0.25721153846153844
0 0.2956730769230769 0.8641826923076923 0.10697115384615384 0.19230769230769232
0 0.5072115384615384 0.5336538461538461 0.026442307692307692 0.10697115384615384
0 0.5372596153846154 0.6538461538461539 0.04927884615384615 0.12980769230769232
2 0.49278846153846156 0.36899038461538464 0.08774038461538461 0.21995192307692307
1 0.765625 0.5228365384615384 0.06009615384615385 0.10096153846153846
1 0.75 0.38221153846153844 0.06971153846153846 0.15384615384615385
1 0.8497596153846154 0.7295673076923077 0.2932692307692308 0.5108173076923077
2 0.5817307692307693 0.4098557692307692 0.05889423076923077 0.10336538461538461
2 0.5949519230769231 0.5745192307692307 0.046875 0.10336538461538461
2 0.45913461538461536 0.1310096153846154 0.125 0.19831730769230768
2 0.3233173076923077 0.2091346153846154 0.20072115384615385 0.16826923076923078