0 0.5120192307692307 0.4026442307692308 0.18509615384615385 0.06129807692307692
0 0.5829326923076923 0.8137019230769231 0.25 0.3605769230769231
1 0.8137019230769231 0.5036057692307693 0.030048076923076924 0.051682692307692304
1 0.8293269230769231 0.5612980769230769 0.027644230769230768 0.054086538461538464
1 0.9182692307692307 0.5769230769230769 0.020432692307692308 0.036057692307692304
1 0.9495192307692307 0.7331730769230769 0.09254807692307693 0.23317307692307693
1 0.5108173076923077 0.6189903846153846 0.38100961538461536 0.15625
1 0.05889423076923077 0.7524038461538461 0.11778846153846154 0.23677884615384615
1 0.1778846153846154 0.5697115384615384 0.026442307692307692 0.06490384615384616
1 0.21514423076923078 0.484375 0.03485576923076923 0.046875
1 0.4026442307692308 0.21875 0.04807692307692308 0.0673076923076923
1 0.6021634615384616 0.22235576923076922 0.037259615384615384 0.08052884615384616