0 0.3713942307692308 0.5877403846153846 0.14543269230769232 0.15625
0 0.39783653846153844 0.7319711538461539 0.055288461538461536 0.0625
0 0.7223557692307693 0.5072115384615384 0.2824519230769231 0.21033653846153846
1 0.3870192307692308 0.18269230769230768 0.05889423076923077 0.06009615384615385
1 0.265625 0.21514423076923078 0.1346153846153846 0.04927884615384615
1 0.09975961538461539 0.2764423076923077 0.07932692307692307 0.12980769230769232
1 0.07932692307692307 0.40024038461538464 0.09254807692307693 0.07572115384615384
1 0.18389423076923078 0.3329326923076923 0.04807692307692308 0.05048076923076923
1 0.15985576923076922 0.3942307692307692 0.020432692307692308 0.042067307692307696
1 0.04567307692307692 0.6009615384615384 0.04326923076923077 0.03125
1 0.14302884615384615 0.59375 0.054086538461538464 0.03125
1 0.39663461538461536 0.35336538461538464 0.06490384615384616 0.03485576923076923
1 0.484375 0.36899038461538464 0.1310096153846154 0.06971153846153846
1 0.47115384615384615 0.5384615384615384 0.13341346153846154 0.038461538461538464
1 0.5240384615384616 0.7728365384615384 0.0733173076923077 0.0673076923076923
1 0.9435096153846154 0.7163461538461539 0.06850961538461539 0.039663461538461536
1 0.9507211538461539 0.3088942307692308 0.08413461538461539 0.08173076923076923