0 0.15144230769230768 0.546875 0.22596153846153846 0.19591346153846154
0 0.17668269230769232 0.8725961538461539 0.33533653846153844 0.24158653846153846
0 0.6069711538461539 0.9603365384615384 0.11778846153846154 0.0673076923076923
1 0.4423076923076923 0.35336538461538464 0.1141826923076923 0.23197115384615385
1 0.7932692307692307 0.35096153846153844 0.2764423076923077 0.453125
1 0.6201923076923077 0.6237980769230769 0.10576923076923077 0.09495192307692307
1 0.9483173076923077 0.6117788461538461 0.0673076923076923 0.17307692307692307
1 0.8401442307692307 0.6838942307692307 0.16466346153846154 0.04567307692307692
1 0.7632211538461539 0.5324519230769231 0.45072115384615385 0.453125
1 0.8112980769230769 0.8653846153846154 0.03365384615384615 0.23076923076923078
1 0.9158653846153846 0.9735576923076923 0.15985576923076922 0.036057692307692304