0 0.7548076923076923 0.5913461538461539 0.03365384615384615 0.04567307692307692
0 0.48197115384615385 0.5805288461538461 0.0829326923076923 0.0889423076923077
0 0.8509615384615384 0.4567307692307692 0.025240384615384616 0.04447115384615385
0 0.671875 0.4411057692307692 0.03485576923076923 0.09375
0 0.5564903846153846 0.6418269230769231 0.027644230769230768 0.042067307692307696
2 0.8810096153846154 0.25 0.14783653846153846 0.28966346153846156
2 0.6862980769230769 0.09975961538461539 0.15144230769230768 0.14543269230769232
2 0.5516826923076923 0.3737980769230769 0.09615384615384616 0.08052884615384616
1 0.13942307692307693 0.7115384615384616 0.052884615384615384 0.21995192307692307
1 0.25600961538461536 0.7259615384615384 0.09735576923076923 0.3713942307692308
1 0.6310096153846154 0.7463942307692307 0.0985576923076923 0.4411057692307692
1 0.8617788461538461 0.8810096153846154 0.1658653846153846 0.1346153846153846