0 0.039663461538461536 0.5649038461538461 0.027644230769230768 0.06850961538461539
0 0.11899038461538461 0.5336538461538461 0.046875 0.05889423076923077
0 0.06490384615384616 0.7259615384615384 0.04326923076923077 0.07451923076923077
0 0.14543269230769232 0.7247596153846154 0.0985576923076923 0.09975961538461539
0 0.2776442307692308 0.6610576923076923 0.03485576923076923 0.052884615384615384
0 0.328125 0.7271634615384616 0.06490384615384616 0.06490384615384616
0 0.4795673076923077 0.6574519230769231 0.15985576923076922 0.15384615384615385
0 0.6742788461538461 0.6682692307692307 0.08533653846153846 0.09735576923076923
0 0.7752403846153846 0.6478365384615384 0.09014423076923077 0.09014423076923077
1 0.8810096153846154 0.6911057692307693 0.014423076923076924 0.020432692307692308
1 0.9519230769230769 0.6899038461538461 0.02403846153846154 0.03365384615384615
2 0.6826923076923077 0.28966346153846156 0.46033653846153844 0.5360576923076923