0 0.19831730769230768 0.2692307692307692 0.12740384615384615 0.3713942307692308
0 0.3701923076923077 0.28365384615384615 0.1346153846153846 0.40865384615384615
0 0.5757211538461539 0.3701923076923077 0.3125 0.1814903846153846
0 0.7740384615384616 0.44350961538461536 0.04567307692307692 0.10336538461538461
0 0.6802884615384616 0.5084134615384616 0.09615384615384616 0.0829326923076923
0 0.5661057692307693 0.5396634615384616 0.09014423076923077 0.0625
0 0.5132211538461539 0.6754807692307693 0.14423076923076922 0.027644230769230768
0 0.6394230769230769 0.6826923076923077 0.038461538461538464 0.030048076923076924
0 0.390625 0.6995192307692307 0.042067307692307696 0.04326923076923077
0 0.19110576923076922 0.6862980769230769 0.051682692307692304 0.06009615384615385
2 0.46875 0.0673076923076923 0.4098557692307692 0.10096153846153846
2 0.5625 0.19831730769230768 0.203125 0.10697115384615384