0 0.16346153846153846 0.5300480769230769 0.21153846153846154 0.3581730769230769
0 0.296875 0.47596153846153844 0.0829326923076923 0.07091346153846154
0 0.49278846153846156 0.4098557692307692 0.25961538461538464 0.08052884615384616
0 0.36899038461538464 0.23317307692307693 0.051682692307692304 0.05048076923076923
0 0.6887019230769231 0.4495192307692308 0.13581730769230768 0.1310096153846154
0 0.7163461538461539 0.5925480769230769 0.06370192307692307 0.13221153846153846
0 0.49759615384615385 0.7596153846153846 0.31009615384615385 0.09615384615384616
2 0.2668269230769231 0.24879807692307693 0.1310096153846154 0.14543269230769232
1 0.6526442307692307 0.10216346153846154 0.25721153846153844 0.18629807692307693
1 0.43149038461538464 0.0733173076923077 0.12620192307692307 0.046875
1 0.31971153846153844 0.06009615384615385 0.057692307692307696 0.04447115384615385
1 0.33653846153846156 0.14543269230769232 0.057692307692307696 0.0625
1 0.04567307692307692 0.21634615384615385 0.08774038461538461 0.046875
1 0.5973557692307693 0.2247596153846154 0.04807692307692308 0.04326923076923077