0 0.0985576923076923 0.41346153846153844 0.18028846153846154 0.1502403846153846
0 0.2668269230769231 0.40024038461538464 0.11658653846153846 0.07692307692307693
0 0.42908653846153844 0.3918269230769231 0.09615384615384616 0.06850961538461539
0 0.5204326923076923 0.35336538461538464 0.0733173076923077 0.1310096153846154
0 0.6069711538461539 0.40024038461538464 0.055288461538461536 0.07572115384615384
0 0.6706730769230769 0.3942307692307692 0.0733173076923077 0.0829326923076923
0 0.75 0.4098557692307692 0.08533653846153846 0.07932692307692307
0 0.8245192307692307 0.42427884615384615 0.06490384615384616 0.06370192307692307
0 0.8870192307692307 0.41947115384615385 0.040865384615384616 0.06490384615384616
0 0.19110576923076922 0.6586538461538461 0.25240384615384615 0.328125
2 0.4723557692307692 0.19230769230769232 0.11538461538461539 0.17067307692307693
2 0.6394230769230769 0.2439903846153846 0.12620192307692307 0.20552884615384615
2 0.765625 0.3125 0.07451923076923077 0.109375