0 0.06610576923076923 0.5240384615384616 0.12980769230769232 0.125
0 0.36778846153846156 0.6165865384615384 0.37259615384615385 0.1778846153846154
0 0.7487980769230769 0.6778846153846154 0.35096153846153844 0.17908653846153846
0 0.9567307692307693 0.7115384615384616 0.055288461538461536 0.06850961538461539
0 0.7596153846153846 0.4651442307692308 0.051682692307692304 0.040865384615384616
0 0.8329326923076923 0.46875 0.04567307692307692 0.028846153846153848
0 0.484375 0.46274038461538464 0.08052884615384616 0.056490384615384616
0 0.2091346153846154 0.4411057692307692 0.027644230769230768 0.025240384615384616
0 0.2608173076923077 0.43509615384615385 0.014423076923076924 0.016826923076923076
2 0.6538461538461539 0.4639423076923077 0.1310096153846154 0.11177884615384616
2 0.22716346153846154 0.23798076923076922 0.4050480769230769 0.3076923076923077
2 0.039663461538461536 0.3954326923076923 0.07211538461538461 0.07211538461538461