0 0.8317307692307693 0.5673076923076923 0.1502403846153846 0.25600961538461536
2 0.8293269230769231 0.21634615384615385 0.21153846153846154 0.4098557692307692
1 0.20552884615384615 0.5396634615384616 0.10697115384615384 0.1466346153846154
1 0.47115384615384615 0.6298076923076923 0.07692307692307693 0.125
1 0.5949519230769231 0.5408653846153846 0.06370192307692307 0.11057692307692307
1 0.6298076923076923 0.421875 0.06129807692307692 0.11177884615384616
1 0.10336538461538461 0.8040865384615384 0.038461538461538464 0.03245192307692308
1 0.30288461538461536 0.7800480769230769 0.04927884615384615 0.030048076923076924
1 0.4170673076923077 0.7836538461538461 0.10096153846153846 0.051682692307692304
1 0.5757211538461539 0.7644230769230769 0.11899038461538461 0.056490384615384616
1 0.5949519230769231 0.8221153846153846 0.10096153846153846 0.04927884615384615
1 0.2980769230769231 0.8762019230769231 0.04927884615384615 0.04927884615384615
1 0.45072115384615385 0.8557692307692307 0.03485576923076923 0.042067307692307696
1 0.6286057692307693 0.875 0.4855769230769231 0.22235576923076922