0 0.12980769230769232 0.5516826923076923 0.20552884615384615 0.3389423076923077
0 0.3389423076923077 0.5901442307692307 0.20432692307692307 0.2644230769230769
0 0.5036057692307693 0.5480769230769231 0.11177884615384616 0.15504807692307693
0 0.6177884615384616 0.4254807692307692 0.13581730769230768 0.18990384615384615
2 0.2608173076923077 0.21995192307692307 0.5216346153846154 0.4338942307692308
1 0.2608173076923077 0.8305288461538461 0.421875 0.23557692307692307
0 0.49158653846153844 0.7415865384615384 0.018028846153846152 0.14543269230769232
1 0.6009615384615384 0.7932692307692307 0.07091346153846154 0.328125
1 0.6802884615384616 0.8461538461538461 0.07091346153846154 0.2692307692307692
1 0.8569711538461539 0.7548076923076923 0.27884615384615385 0.4699519230769231
1 0.015625 0.8040865384615384 0.026442307692307692 0.10096153846153846
1 0.021634615384615384 0.9362980769230769 0.04326923076923077 0.08173076923076923
2 0.5949519230769231 0.17668269230769232 0.11658653846153846 0.2439903846153846