0 0.41346153846153844 0.5817307692307693 0.17427884615384615 0.2608173076923077
1 0.6610576923076923 0.48677884615384615 0.0625 0.07572115384615384
1 0.7740384615384616 0.5444711538461539 0.04927884615384615 0.08653846153846154
1 0.9110576923076923 0.5396634615384616 0.051682692307692304 0.0985576923076923
1 0.7800480769230769 0.6754807692307693 0.07932692307692307 0.03125
1 0.7752403846153846 0.7908653846153846 0.09014423076923077 0.040865384615384616
1 0.8473557692307693 0.9471153846153846 0.06490384615384616 0.07572115384615384
1 0.9134615384615384 0.6574519230769231 0.07451923076923077 0.019230769230769232
1 0.9122596153846154 0.7776442307692307 0.0889423076923077 0.05048076923076923
1 0.6586538461538461 0.6057692307692307 0.0733173076923077 0.06610576923076923
1 0.6622596153846154 0.703125 0.07451923076923077 0.09134615384615384
1 0.6622596153846154 0.7896634615384616 0.08173076923076923 0.028846153846153848
0 0.4326923076923077 0.7608173076923077 0.042067307692307696 0.04807692307692308