0 0.7199519230769231 0.5721153846153846 0.08774038461538461 0.13822115384615385
0 0.7884615384615384 0.5913461538461539 0.05048076923076923 0.038461538461538464
0 0.8209134615384616 0.4675480769230769 0.0625 0.10096153846153846
0 0.8377403846153846 0.5757211538461539 0.042067307692307696 0.06610576923076923
2 0.7199519230769231 0.19471153846153846 0.140625 0.3485576923076923
2 0.5108173076923077 0.30408653846153844 0.27163461538461536 0.2932692307692308
2 0.9411057692307693 0.18629807692307693 0.1045673076923077 0.13822115384615385
2 0.32211538461538464 0.2608173076923077 0.07091346153846154 0.15144230769230768
1 0.17307692307692307 0.5673076923076923 0.26322115384615385 0.171875
1 0.37259615384615385 0.5697115384615384 0.06370192307692307 0.12740384615384615
1 0.3954326923076923 0.7427884615384616 0.03485576923076923 0.038461538461538464
1 0.3269230769230769 0.08533653846153846 0.6334134615384616 0.140625
1 0.5757211538461539 0.20673076923076922 0.11658653846153846 0.06490384615384616
1 0.8786057692307693 0.06009615384615385 0.234375 0.1201923076923077