0 0.12740384615384615 0.1346153846153846 0.1778846153846154 0.1778846153846154
0 0.30649038461538464 0.328125 0.17307692307692307 0.24879807692307693
0 0.4639423076923077 0.4879807692307692 0.140625 0.17548076923076922
0 0.5733173076923077 0.5709134615384616 0.07451923076923077 0.10096153846153846
0 0.6802884615384616 0.6754807692307693 0.11538461538461539 0.14783653846153846
0 0.7824519230769231 0.7560096153846154 0.08413461538461539 0.13581730769230768
0 0.9014423076923077 0.8401442307692307 0.07692307692307693 0.0889423076923077
1 0.14543269230769232 0.5625 0.040865384615384616 0.08653846153846154
1 0.20192307692307693 0.5552884615384616 0.027644230769230768 0.10216346153846154
1 0.27163461538461536 0.5540865384615384 0.038461538461538464 0.06610576923076923
1 0.42788461538461536 0.5721153846153846 0.07451923076923077 0.06971153846153846
1 0.6610576923076923 0.7007211538461539 0.040865384615384616 0.09615384615384616