0 0.01201923076923077 0.3737980769230769 0.021634615384615384 0.04326923076923077
0 0.12139423076923077 0.36538461538461536 0.021634615384615384 0.02403846153846154
0 0.16706730769230768 0.37259615384615385 0.03365384615384615 0.027644230769230768
0 0.21754807692307693 0.3701923076923077 0.027644230769230768 0.03365384615384615
0 0.2668269230769231 0.3641826923076923 0.019230769230769232 0.03485576923076923
0 0.3233173076923077 0.36538461538461536 0.036057692307692304 0.03365384615384615
0 0.375 0.3713942307692308 0.025240384615384616 0.04927884615384615
0 0.4266826923076923 0.36899038461538464 0.025240384615384616 0.046875
0 0.5012019230769231 0.36177884615384615 0.06009615384615385 0.05048076923076923
0 0.5516826923076923 0.3605769230769231 0.03485576923076923 0.039663461538461536
0 0.6165865384615384 0.36658653846153844 0.04447115384615385 0.054086538461538464
0 0.6814903846153846 0.3701923076923077 0.03365384615384615 0.03485576923076923
0 0.7391826923076923 0.36899038461538464 0.03245192307692308 0.040865384615384616
0 0.7932692307692307 0.36778846153846156 0.03485576923076923 0.057692307692307696
0 0.8581730769230769 0.36899038461538464 0.04807692307692308 0.057692307692307696
0 0.9134615384615384 0.375 0.025240384615384616 0.03485576923076923
0 0.9771634615384616 0.375 0.026442307692307692 0.040865384615384616
0 0.8725961538461539 0.49158653846153844 0.08653846153846154 0.05889423076923077
0 0.47716346153846156 0.5456730769230769 0.11538461538461539 0.10697115384615384
0 0.16826923076923078 0.4987980769230769 0.17908653846153846 0.15985576923076922
2 0.8040865384615384 0.20552884615384615 0.1466346153846154 0.17427884615384615