0 0.5084134615384616 0.3894230769230769 0.21153846153846154 0.09375
0 0.4170673076923077 0.5889423076923077 0.125 0.07932692307692307
2 0.3449519230769231 0.4074519230769231 0.12860576923076922 0.3233173076923077
2 0.5661057692307693 0.2512019230769231 0.2091346153846154 0.12860576923076922
2 0.8173076923076923 0.13221153846153846 0.3401442307692308 0.19831730769230768
1 0.5913461538461539 0.6129807692307693 0.06129807692307692 0.03365384615384615
1 0.6622596153846154 0.6153846153846154 0.05048076923076923 0.02403846153846154
1 0.7620192307692307 0.6213942307692307 0.036057692307692304 0.030048076923076924
1 0.35096153846153844 0.5901442307692307 0.028846153846153848 0.025240384615384616
1 0.18509615384615385 0.6286057692307693 0.25721153846153844 0.11177884615384616
1 0.37259615384615385 0.75 0.046875 0.04927884615384615
1 0.45913461538461536 0.7536057692307693 0.06009615384615385 0.052884615384615384
1 0.013221153846153846 0.27884615384615385 0.026442307692307692 0.051682692307692304
1 0.5372596153846154 0.7620192307692307 0.03485576923076923 0.03485576923076923
1 0.5985576923076923 0.7548076923076923 0.039663461538461536 0.046875
1 0.7067307692307693 0.7584134615384616 0.026442307692307692 0.037259615384615384
1 0.7824519230769231 0.7740384615384616 0.06971153846153846 0.06129807692307692