0 0.20673076923076922 0.7860576923076923 0.4098557692307692 0.41586538461538464
0 0.6358173076923077 0.9134615384615384 0.11298076923076923 0.1622596153846154
0 0.25721153846153844 0.41466346153846156 0.07692307692307693 0.109375
0 0.4411057692307692 0.4699519230769231 0.11177884615384616 0.11658653846153846
0 0.5036057692307693 0.4375 0.052884615384615384 0.23918269230769232
2 0.056490384615384616 0.2920673076923077 0.07932692307692307 0.17427884615384615
2 0.17067307692307693 0.3449519230769231 0.08173076923076923 0.18389423076923078
2 0.4050480769230769 0.5769230769230769 0.07932692307692307 0.16706730769230768
1 0.6838942307692307 0.36177884615384615 0.1141826923076923 0.265625
1 0.7680288461538461 0.34134615384615385 0.08533653846153846 0.203125
1 0.8004807692307693 0.6850961538461539 0.20793269230769232 0.49399038461538464
1 0.9759615384615384 0.5889423076923077 0.038461538461538464 0.07572115384615384