0 0.3233173076923077 0.7920673076923077 0.09975961538461539 0.08774038461538461
1 0.15144230769230768 0.4326923076923077 0.09014423076923077 0.16346153846153846
1 0.4387019230769231 0.4639423076923077 0.038461538461538464 0.06610576923076923
1 0.7331730769230769 0.4338942307692308 0.05048076923076923 0.08533653846153846
1 0.7271634615384616 0.671875 0.021634615384615384 0.07572115384615384
1 0.6189903846153846 0.6526442307692307 0.020432692307692308 0.06009615384615385
1 0.6225961538461539 0.42427884615384615 0.009615384615384616 0.046875
1 0.6790865384615384 0.6923076923076923 0.078125 0.25
1 0.28365384615384615 0.6286057692307693 0.0625 0.040865384615384616
1 0.2620192307692308 0.8209134615384616 0.027644230769230768 0.02403846153846154
1 0.27524038461538464 0.6850961538461539 0.04807692307692308 0.027644230769230768
1 0.3016826923076923 0.7175480769230769 0.015625 0.025240384615384616