0 0.2091346153846154 0.7608173076923077 0.07211538461538461 0.12740384615384615
0 0.2980769230769231 0.8137019230769231 0.1045673076923077 0.11057692307692307
0 0.38100961538461536 0.7776442307692307 0.038461538461538464 0.09495192307692307
0 0.2548076923076923 0.5805288461538461 0.10817307692307693 0.171875
2 0.08173076923076923 0.26322115384615385 0.15144230769230768 0.5180288461538461
2 0.17908653846153846 0.3173076923076923 0.039663461538461536 0.35697115384615385
2 0.23557692307692307 0.3798076923076923 0.08533653846153846 0.21514423076923078
2 0.3401442307692308 0.5564903846153846 0.0625 0.1502403846153846
2 0.09495192307692307 0.6418269230769231 0.16466346153846154 0.2283653846153846
1 0.6286057692307693 0.7536057692307693 0.09975961538461539 0.07572115384615384
1 0.7247596153846154 0.7331730769230769 0.06610576923076923 0.05889423076923077
1 0.9050480769230769 0.6778846153846154 0.055288461538461536 0.038461538461538464