0 0.06370192307692307 0.6766826923076923 0.052884615384615384 0.07572115384615384
0 0.0829326923076923 0.7644230769230769 0.027644230769230768 0.07091346153846154
0 0.2403846153846154 0.7524038461538461 0.056490384615384616 0.11057692307692307
0 0.3858173076923077 0.6694711538461539 0.04447115384615385 0.06009615384615385
0 0.5348557692307693 0.671875 0.06370192307692307 0.08052884615384616
0 0.6490384615384616 0.5552884615384616 0.1466346153846154 0.21394230769230768
1 0.9435096153846154 0.6105769230769231 0.038461538461538464 0.078125
1 0.9879807692307693 0.35697115384615385 0.01201923076923077 0.038461538461538464
1 0.7127403846153846 0.7740384615384616 0.036057692307692304 0.17548076923076922
1 0.6875 0.7283653846153846 0.01201923076923077 0.06490384615384616
1 0.7872596153846154 0.7319711538461539 0.03125 0.016826923076923076