0 0.4110576923076923 0.6935096153846154 0.11177884615384616 0.19591346153846154
0 0.5300480769230769 0.5060096153846154 0.07451923076923077 0.04927884615384615
0 0.9014423076923077 0.6153846153846154 0.17668269230769232 0.1502403846153846
0 0.8137019230769231 0.7740384615384616 0.1658653846153846 0.16706730769230768
0 0.9134615384615384 0.859375 0.10697115384615384 0.07692307692307693
0 0.9435096153846154 0.7211538461538461 0.05889423076923077 0.06009615384615385
0 0.7836538461538461 0.4495192307692308 0.057692307692307696 0.039663461538461536
2 0.7415865384615384 0.33653846153846156 0.19110576923076922 0.14182692307692307
1 0.021634615384615384 0.7608173076923077 0.026442307692307692 0.171875
1 0.22235576923076922 0.7620192307692307 0.27884615384615385 0.4230769230769231
1 0.29447115384615385 0.5612980769230769 0.028846153846153848 0.09014423076923077