0 0.5829326923076923 0.4254807692307692 0.20673076923076922 0.21995192307692307
0 0.7379807692307693 0.38221153846153844 0.039663461538461536 0.04447115384615385
0 0.5552884615384616 0.7848557692307693 0.1466346153846154 0.13341346153846154
0 0.8653846153846154 0.5985576923076923 0.06370192307692307 0.16947115384615385
1 0.42788461538461536 0.8209134615384616 0.11538461538461539 0.10216346153846154
1 0.7836538461538461 0.6418269230769231 0.09615384615384616 0.21754807692307693
1 0.7536057692307693 0.4543269230769231 0.09735576923076923 0.08173076923076923
1 0.3894230769230769 0.27283653846153844 0.04807692307692308 0.06370192307692307
1 0.8737980769230769 0.9026442307692307 0.17427884615384615 0.13581730769230768
1 0.2800480769230769 0.6358173076923077 0.25 0.4375
1 0.015625 0.9699519230769231 0.026442307692307692 0.037259615384615384