2 0.22956730769230768 0.6298076923076923 0.04927884615384615 0.08413461538461539
2 0.27163461538461536 0.7127403846153846 0.051682692307692304 0.10096153846153846
2 0.3473557692307692 0.6766826923076923 0.042067307692307696 0.08173076923076923
2 0.5552884615384616 0.5697115384615384 0.1310096153846154 0.12259615384615384
2 0.7848557692307693 0.36177884615384615 0.06971153846153846 0.10697115384615384
2 0.36658653846153844 0.2548076923076923 0.028846153846153848 0.04326923076923077
1 0.9375 0.2536057692307692 0.0985576923076923 0.08653846153846154
1 0.8822115384615384 0.6658653846153846 0.0625 0.12259615384615384
1 0.5540865384615384 0.7451923076923077 0.11538461538461539 0.109375
1 0.359375 0.7800480769230769 0.03365384615384615 0.08173076923076923
1 0.31850961538461536 0.9038461538461539 0.038461538461538464 0.04807692307692308
1 0.14903846153846154 0.8894230769230769 0.04807692307692308 0.05048076923076923