0 0.5612980769230769 0.7271634615384616 0.046875 0.078125
0 0.47716346153846156 0.734375 0.046875 0.06129807692307692
2 0.4026442307692308 0.23677884615384615 0.1141826923076923 0.23076923076923078
2 0.5036057692307693 0.5817307692307693 0.08173076923076923 0.18389423076923078
1 0.17668269230769232 0.5721153846153846 0.10576923076923077 0.052884615384615384
1 0.21875 0.9567307692307693 0.03365384615384615 0.040865384615384616
1 0.42908653846153844 0.6346153846153846 0.03485576923076923 0.078125
1 0.6274038461538461 0.6598557692307693 0.07091346153846154 0.13341346153846154
1 0.7235576923076923 0.7439903846153846 0.04326923076923077 0.11177884615384616
1 0.8341346153846154 0.7788461538461539 0.055288461538461536 0.1622596153846154
1 0.8016826923076923 0.8701923076923077 0.09134615384615384 0.15985576923076922
2 0.5252403846153846 0.1778846153846154 0.10216346153846154 0.19951923076923078