0 0.7824519230769231 0.5769230769230769 0.12740384615384615 0.10096153846153846
0 0.734375 0.6550480769230769 0.03245192307692308 0.025240384615384616
0 0.8197115384615384 0.6646634615384616 0.09014423076923077 0.037259615384615384
1 0.8221153846153846 0.42427884615384615 0.09254807692307693 0.08653846153846154
1 0.36658653846153844 0.4326923076923077 0.30528846153846156 0.06610576923076923
1 0.5 0.71875 0.19110576923076922 0.09975961538461539
1 0.7283653846153846 0.7355769230769231 0.0673076923076923 0.057692307692307696
1 0.028846153846153848 0.6634615384615384 0.042067307692307696 0.1778846153846154
1 0.1935096153846154 0.59375 0.027644230769230768 0.042067307692307696
1 0.19471153846153846 0.6514423076923077 0.0829326923076923 0.03125
2 0.6310096153846154 0.5528846153846154 0.16826923076923078 0.16826923076923078