0 0.04807692307692308 0.6983173076923077 0.036057692307692304 0.057692307692307696
0 0.1045673076923077 0.6911057692307693 0.04326923076923077 0.0733173076923077
0 0.23798076923076922 0.7764423076923077 0.13942307692307693 0.2800480769230769
0 0.33413461538461536 0.6995192307692307 0.08173076923076923 0.056490384615384616
0 0.43028846153846156 0.7295673076923077 0.12980769230769232 0.23557692307692307
0 0.5492788461538461 0.6826923076923077 0.036057692307692304 0.0985576923076923
0 0.5853365384615384 0.7091346153846154 0.026442307692307692 0.0625
0 0.6298076923076923 0.6850961538461539 0.10576923076923077 0.25240384615384615
0 0.8449519230769231 0.7067307692307693 0.14423076923076922 0.11298076923076923
0 0.9399038461538461 0.7247596153846154 0.0673076923076923 0.07572115384615384
1 0.9627403846153846 0.5228365384615384 0.010817307692307692 0.02403846153846154
2 0.19591346153846154 0.46634615384615385 0.16346153846153846 0.3004807692307692
2 0.1814903846153846 0.14302884615384615 0.16826923076923078 0.24879807692307693
2 0.3557692307692308 0.0829326923076923 0.1201923076923077 0.12980769230769232
2 0.4050480769230769 0.4567307692307692 0.14182692307692307 0.2824519230769231
2 0.6081730769230769 0.29927884615384615 0.12740384615384615 0.5264423076923077
2 0.8125 0.3233173076923077 0.18269230769230768 0.5829326923076923
2 0.04567307692307692 0.21033653846153846 0.056490384615384616 0.1658653846153846
2 0.3894230769230769 0.21153846153846154 0.06370192307692307 0.09254807692307693