0 0.0733173076923077 0.48677884615384615 0.04326923076923077 0.054086538461538464
0 0.3269230769230769 0.5300480769230769 0.07451923076923077 0.10216346153846154
0 0.6682692307692307 0.578125 0.02403846153846154 0.0985576923076923
0 0.6598557692307693 0.7584134615384616 0.02283653846153846 0.039663461538461536
0 0.5961538461538461 0.9747596153846154 0.04326923076923077 0.039663461538461536
0 0.6478365384615384 0.3786057692307692 0.07692307692307693 0.171875
0 0.8653846153846154 0.2764423076923077 0.0625 0.07572115384615384
2 0.15625 0.24519230769230768 0.22956730769230768 0.4411057692307692
2 0.45552884615384615 0.1658653846153846 0.12980769230769232 0.2668269230769231
2 0.4182692307692308 0.4170673076923077 0.08052884615384616 0.18269230769230768
2 0.7487980769230769 0.19230769230769232 0.1466346153846154 0.3076923076923077
1 0.7764423076923077 0.9399038461538461 0.19591346153846154 0.078125