0 0.4675480769230769 0.36538461538461536 0.0625 0.07932692307692307
0 0.6105769230769231 0.3269230769230769 0.234375 0.14302884615384615
2 0.7872596153846154 0.1658653846153846 0.39302884615384615 0.31490384615384615
2 0.3125 0.13701923076923078 0.5348557692307693 0.2439903846153846
1 0.03485576923076923 0.4074519230769231 0.06610576923076923 0.078125
1 0.078125 0.47596153846153844 0.06490384615384616 0.06971153846153846
1 0.13822115384615385 0.2920673076923077 0.07572115384615384 0.055288461538461536
1 0.39302884615384615 0.78125 0.03485576923076923 0.054086538461538464
1 0.46875 0.7800480769230769 0.04326923076923077 0.07211538461538461
1 0.3870192307692308 0.8485576923076923 0.042067307692307696 0.03125
1 0.4639423076923077 0.8569711538461539 0.04807692307692308 0.054086538461538464
1 0.010817307692307692 0.6670673076923077 0.021634615384615384 0.04326923076923077
1 0.20432692307692307 0.6490384615384616 0.1502403846153846 0.1778846153846154
1 0.3137019230769231 0.6814903846153846 0.07091346153846154 0.05889423076923077
1 0.3425480769230769 0.3425480769230769 0.04447115384615385 0.051682692307692304
1 0.3870192307692308 0.35697115384615385 0.021634615384615384 0.07692307692307693