0 0.625 0.5264423076923077 0.2247596153846154 0.47475961538461536
1 0.5012019230769231 0.5841346153846154 0.0673076923076923 0.09735576923076923
1 0.1502403846153846 0.3954326923076923 0.019230769230769232 0.08653846153846154
1 0.23076923076923078 0.4326923076923077 0.06009615384615385 0.13581730769230768
1 0.31490384615384615 0.4230769230769231 0.037259615384615384 0.08173076923076923
1 0.36899038461538464 0.4230769230769231 0.052884615384615384 0.06490384615384616
1 0.1141826923076923 0.65625 0.12620192307692307 0.421875
1 0.2403846153846154 0.75 0.15985576923076922 0.45913461538461536
1 0.44350961538461536 0.7668269230769231 0.15745192307692307 0.46033653846153844
2 0.8521634615384616 0.6995192307692307 0.16466346153846154 0.2439903846153846
2 0.6201923076923077 0.15504807692307693 0.53125 0.27884615384615385