0 0.38461538461538464 0.3016826923076923 0.25 0.28725961538461536
0 0.515625 0.44350961538461536 0.09975961538461539 0.06370192307692307
0 0.5817307692307693 0.5396634615384616 0.040865384615384616 0.05048076923076923
0 0.640625 0.5504807692307693 0.030048076923076924 0.056490384615384616
0 0.71875 0.5504807692307693 0.05889423076923077 0.052884615384615384
0 0.6790865384615384 0.23197115384615385 0.20192307692307693 0.43509615384615385
2 0.5144230769230769 0.21995192307692307 0.15625 0.40625
2 0.6310096153846154 0.03365384615384615 0.08052884615384616 0.042067307692307696
1 0.140625 0.6802884615384616 0.24158653846153846 0.21153846153846154
1 0.4963942307692308 0.6177884615384616 0.42908653846153844 0.0625
1 0.4098557692307692 0.7079326923076923 0.15264423076923078 0.20673076923076922
1 0.640625 0.7439903846153846 0.13942307692307693 0.21514423076923078
1 0.49158653846153844 0.9435096153846154 0.027644230769230768 0.046875
1 0.7584134615384616 0.8653846153846154 0.042067307692307696 0.06009615384615385