0 0.2800480769230769 0.22596153846153846 0.09375 0.21875
0 0.5036057692307693 0.3076923076923077 0.11899038461538461 0.12740384615384615
0 0.46153846153846156 0.4855769230769231 0.06129807692307692 0.051682692307692304
0 0.5685096153846154 0.4951923076923077 0.09975961538461539 0.08533653846153846
0 0.6778846153846154 0.47836538461538464 0.08173076923076923 0.11899038461538461
0 0.8028846153846154 0.5120192307692307 0.055288461538461536 0.08653846153846154
2 0.4891826923076923 0.12740384615384615 0.4651442307692308 0.2439903846153846
1 0.7872596153846154 0.7668269230769231 0.36899038461538464 0.24639423076923078
1 0.8100961538461539 0.5949519230769231 0.06850961538461539 0.055288461538461536
1 0.7307692307692307 0.39903846153846156 0.18629807692307693 0.08052884615384616
1 0.06370192307692307 0.6911057692307693 0.12740384615384615 0.15504807692307693