0 0.2956730769230769 0.3545673076923077 0.14543269230769232 0.3449519230769231
1 0.4879807692307692 0.0829326923076923 0.10697115384615384 0.15504807692307693
1 0.46153846153846156 0.30288461538461536 0.16706730769230768 0.08774038461538461
1 0.59375 0.26322115384615385 0.051682692307692304 0.09375
1 0.6586538461538461 0.3329326923076923 0.04567307692307692 0.10336538461538461
1 0.4411057692307692 0.4206730769230769 0.08052884615384616 0.08653846153846154
1 0.37259615384615385 0.3629807692307692 0.046875 0.057692307692307696
1 0.37259615384615385 0.45072115384615385 0.057692307692307696 0.038461538461538464
1 0.5060096153846154 0.4206730769230769 0.054086538461538464 0.04807692307692308
1 0.4567307692307692 0.7175480769230769 0.057692307692307696 0.039663461538461536
1 0.5072115384615384 0.6430288461538461 0.08052884615384616 0.05048076923076923
1 0.4987980769230769 0.7475961538461539 0.057692307692307696 0.051682692307692304
1 0.02283653846153846 0.43149038461538464 0.04447115384615385 0.09495192307692307
1 0.020432692307692308 0.3076923076923077 0.040865384615384616 0.0673076923076923
1 0.021634615384615384 0.21995192307692307 0.04326923076923077 0.06009615384615385
1 0.055288461538461536 0.2548076923076923 0.018028846153846152 0.038461538461538464
1 0.04927884615384615 0.5829326923076923 0.06490384615384616 0.04326923076923077
1 0.8052884615384616 0.24278846153846154 0.12620192307692307 0.09495192307692307
1 0.8545673076923077 0.32211538461538464 0.06009615384615385 0.038461538461538464
1 0.7944711538461539 0.4074519230769231 0.109375 0.0733173076923077
1 0.7992788461538461 0.6189903846153846 0.06129807692307692 0.040865384615384616
1 0.7752403846153846 0.7259615384615384 0.09495192307692307 0.08052884615384616
1 0.8485576923076923 0.8786057692307693 0.2704326923076923 0.20673076923076922
1 0.7584134615384616 0.054086538461538464 0.11177884615384616 0.10697115384615384