0 0.14903846153846154 0.35697115384615385 0.08413461538461539 0.09735576923076923
0 0.3088942307692308 0.38461538461538464 0.0673076923076923 0.04807692307692308
0 0.4110576923076923 0.38221153846153844 0.06490384615384616 0.042067307692307696
0 0.23918269230769232 0.32211538461538464 0.019230769230769232 0.016826923076923076
0 0.5348557692307693 0.4375 0.04927884615384615 0.046875
0 0.6622596153846154 0.4206730769230769 0.0733173076923077 0.0625
0 0.18269230769230768 0.7391826923076923 0.04807692307692308 0.10817307692307693
0 0.2644230769230769 0.7632211538461539 0.0985576923076923 0.0985576923076923
0 0.36177884615384615 0.8209134615384616 0.09975961538461539 0.1141826923076923
0 0.6442307692307693 0.7283653846153846 0.06971153846153846 0.12620192307692307
0 0.7992788461538461 0.7524038461538461 0.17908653846153846 0.15144230769230768
0 0.9350961538461539 0.7896634615384616 0.07692307692307693 0.0889423076923077
2 0.3125 0.15745192307692307 0.3401442307692308 0.31490384615384615
2 0.7391826923076923 0.19230769230769232 0.46153846153846156 0.36778846153846156
2 0.7836538461538461 0.5841346153846154 0.1310096153846154 0.125
2 0.8810096153846154 0.5661057692307693 0.057692307692307696 0.10096153846153846
2 0.9266826923076923 0.7211538461538461 0.040865384615384616 0.039663461538461536
2 0.5901442307692307 0.5841346153846154 0.12860576923076922 0.14783653846153846
2 0.15625 0.6430288461538461 0.06370192307692307 0.12379807692307693
2 0.2800480769230769 0.6514423076923077 0.09735576923076923 0.06610576923076923
2 0.35697115384615385 0.7439903846153846 0.0625 0.030048076923076924
2 0.03125 0.6069711538461539 0.052884615384615384 0.16706730769230768