0 0.17427884615384615 0.06129807692307692 0.036057692307692304 0.051682692307692304
0 0.23677884615384615 0.12139423076923077 0.026442307692307692 0.0625
0 0.27403846153846156 0.17427884615384615 0.028846153846153848 0.039663461538461536
0 0.30288461538461536 0.19831730769230768 0.018028846153846152 0.026442307692307692
0 0.3473557692307692 0.25961538461538464 0.05048076923076923 0.09134615384615384
0 0.39663461538461536 0.3088942307692308 0.015625 0.03245192307692308
0 0.4230769230769231 0.32572115384615385 0.025240384615384616 0.030048076923076924
0 0.453125 0.36899038461538464 0.020432692307692308 0.042067307692307696
0 0.4855769230769231 0.4014423076923077 0.027644230769230768 0.04807692307692308
0 0.5036057692307693 0.45913461538461536 0.020432692307692308 0.04326923076923077
0 0.5252403846153846 0.5576923076923077 0.036057692307692304 0.1310096153846154
0 0.4735576923076923 0.6201923076923077 0.055288461538461536 0.03365384615384615
0 0.34615384615384615 0.6189903846153846 0.07451923076923077 0.042067307692307696
0 0.40024038461538464 0.6550480769230769 0.042067307692307696 0.04326923076923077
0 0.609375 0.6875 0.057692307692307696 0.040865384615384616
0 0.6802884615384616 0.7247596153846154 0.020432692307692308 0.02403846153846154
1 0.2403846153846154 0.5721153846153846 0.036057692307692304 0.0889423076923077
1 0.6634615384615384 0.6021634615384616 0.0673076923076923 0.27884615384615385
1 0.7283653846153846 0.6201923076923077 0.0625 0.28846153846153844