0 0.2548076923076923 0.6274038461538461 0.02403846153846154 0.036057692307692304
0 0.3954326923076923 0.6358173076923077 0.028846153846153848 0.056490384615384616
0 0.5072115384615384 0.6310096153846154 0.06610576923076923 0.0733173076923077
0 0.6658653846153846 0.6730769230769231 0.04447115384615385 0.038461538461538464
0 0.7644230769230769 0.6550480769230769 0.06610576923076923 0.039663461538461536
2 0.7079326923076923 0.4675480769230769 0.11538461538461539 0.31971153846153844
2 0.6370192307692307 0.5228365384615384 0.06971153846153846 0.21634615384615385
2 0.5096153846153846 0.46634615384615385 0.052884615384615384 0.20432692307692307
1 0.0889423076923077 0.8112980769230769 0.025240384615384616 0.026442307692307692
1 0.3389423076923077 0.7668269230769231 0.013221153846153846 0.03485576923076923
1 0.5528846153846154 0.7704326923076923 0.026442307692307692 0.040865384615384616
1 0.7403846153846154 0.7235576923076923 0.030048076923076924 0.06009615384615385
1 0.5685096153846154 0.8701923076923077 0.11538461538461539 0.0625
1 0.8581730769230769 0.8509615384615384 0.046875 0.06370192307692307