0 0.4026442307692308 0.6165865384615384 0.18509615384615385 0.3088942307692308
1 0.7295673076923077 0.5432692307692307 0.08653846153846154 0.10697115384615384
1 0.8076923076923077 0.7860576923076923 0.14783653846153846 0.0673076923076923
1 0.7439903846153846 0.7127403846153846 0.17067307692307693 0.078125
1 0.04326923076923077 0.7415865384615384 0.04447115384615385 0.028846153846153848
1 0.140625 0.7415865384615384 0.04326923076923077 0.028846153846153848
1 0.21033653846153846 0.7415865384615384 0.037259615384615384 0.03365384615384615
1 0.28365384615384615 0.7367788461538461 0.030048076923076924 0.028846153846153848
1 0.08173076923076923 0.3557692307692308 0.02283653846153846 0.03245192307692308
1 0.18990384615384615 0.35697115384615385 0.037259615384615384 0.039663461538461536
1 0.17548076923076922 0.43509615384615385 0.040865384615384616 0.038461538461538464
1 0.25600961538461536 0.4254807692307692 0.030048076923076924 0.02283653846153846
1 0.22115384615384615 0.4723557692307692 0.039663461538461536 0.028846153846153848
1 0.29927884615384615 0.47596153846153844 0.020432692307692308 0.019230769230769232
1 0.28966346153846156 0.53125 0.027644230769230768 0.019230769230769232
1 0.8954326923076923 0.5372596153846154 0.10817307692307693 0.057692307692307696
1 0.9663461538461539 0.47836538461538464 0.0625 0.04447115384615385