0 0.18870192307692307 0.4362980769230769 0.25600961538461536 0.5228365384615384
0 0.3701923076923077 0.5096153846153846 0.09134615384615384 0.39663461538461536
0 0.47836538461538464 0.65625 0.09615384615384616 0.2536057692307692
0 0.5420673076923077 0.40384615384615385 0.036057692307692304 0.13942307692307693
0 0.6009615384615384 0.46875 0.046875 0.18028846153846154
0 0.6418269230769231 0.4807692307692308 0.03365384615384615 0.14302884615384615
0 0.7908653846153846 0.47596153846153844 0.07932692307692307 0.19471153846153846
0 0.8786057692307693 0.4651442307692308 0.11057692307692307 0.1971153846153846
2 0.8810096153846154 0.21153846153846154 0.13822115384615385 0.26322115384615385
2 0.6153846153846154 0.12980769230769232 0.12620192307692307 0.21634615384615385
2 0.21153846153846154 0.07932692307692307 0.25 0.15384615384615385
2 0.46274038461538464 0.10697115384615384 0.11298076923076923 0.21394230769230768
1 0.6141826923076923 0.6286057692307693 0.14783653846153846 0.09014423076923077
1 0.2692307692307692 0.24639423076923078 0.14783653846153846 0.1141826923076923