0 0.14182692307692307 0.5985576923076923 0.15504807692307693 0.10216346153846154
0 0.22716346153846154 0.6983173076923077 0.057692307692307696 0.14182692307692307
0 0.3713942307692308 0.6538461538461539 0.016826923076923076 0.056490384615384616
0 0.5348557692307693 0.6009615384615384 0.125 0.18269230769230768
0 0.6213942307692307 0.5108173076923077 0.036057692307692304 0.08173076923076923
0 0.7331730769230769 0.49038461538461536 0.027644230769230768 0.052884615384615384
0 0.7932692307692307 0.5012019230769231 0.038461538461538464 0.09254807692307693
1 0.49278846153846156 0.7283653846153846 0.03125 0.05048076923076923
1 0.5757211538461539 0.7283653846153846 0.057692307692307696 0.040865384615384616
1 0.6213942307692307 0.6899038461538461 0.007211538461538462 0.037259615384615384
1 0.7043269230769231 0.3918269230769231 0.036057692307692304 0.05889423076923077
1 0.3401442307692308 0.30408653846153844 0.020432692307692308 0.037259615384615384
1 0.052884615384615384 0.6286057692307693 0.03245192307692308 0.08052884615384616