0 0.5408653846153846 0.6923076923076923 0.0829326923076923 0.1466346153846154
0 0.3389423076923077 0.6358173076923077 0.04927884615384615 0.1201923076923077
0 0.20072115384615385 0.43149038461538464 0.07692307692307693 0.13581730769230768
0 0.3016826923076923 0.8966346153846154 0.051682692307692304 0.12860576923076922
0 0.32572115384615385 0.7680288461538461 0.040865384615384616 0.06850961538461539
2 0.08052884615384616 0.59375 0.1346153846153846 0.46634615384615385
2 0.18990384615384615 0.14783653846153846 0.09134615384615384 0.1622596153846154
1 0.5841346153846154 0.23317307692307693 0.036057692307692304 0.08173076923076923
1 0.6153846153846154 0.3641826923076923 0.040865384615384616 0.15985576923076922
1 0.6875 0.3449519230769231 0.0673076923076923 0.17668269230769232
1 0.7055288461538461 0.1971153846153846 0.042067307692307696 0.11899038461538461
1 0.7475961538461539 0.30528846153846156 0.07211538461538461 0.171875
1 0.8533653846153846 0.28365384615384615 0.07451923076923077 0.20192307692307693
1 0.7896634615384616 0.2536057692307692 0.040865384615384616 0.16947115384615385
1 0.9387019230769231 0.2512019230769231 0.09014423076923077 0.21995192307692307
1 0.7788461538461539 0.09495192307692307 0.03245192307692308 0.11177884615384616
1 0.8737980769230769 0.05048076923076923 0.040865384615384616 0.08173076923076923
1 0.8497596153846154 0.8846153846153846 0.1875 0.15625