0 0.5492788461538461 0.6911057692307693 0.19951923076923078 0.08533653846153846
0 0.6995192307692307 0.6971153846153846 0.11057692307692307 0.078125
0 0.8701923076923077 0.6742788461538461 0.18269230769230768 0.09134615384615384
2 0.43028846153846156 0.3125 0.8076923076923077 0.6081730769230769
1 0.05889423076923077 0.65625 0.10817307692307693 0.0625
1 0.15264423076923078 0.7644230769230769 0.2824519230769231 0.10336538461538461
1 0.21394230769230768 0.9110576923076923 0.17067307692307693 0.1466346153846154
1 0.8978365384615384 0.7608173076923077 0.12740384615384615 0.052884615384615384
1 0.8990384615384616 0.6105769230769231 0.07091346153846154 0.046875
1 0.4098557692307692 0.8016826923076923 0.09615384615384616 0.05048076923076923
1 0.5036057692307693 0.8822115384615384 0.17427884615384615 0.057692307692307696