0 0.23798076923076922 0.6935096153846154 0.296875 0.23317307692307693
0 0.43509615384615385 0.6045673076923077 0.078125 0.15504807692307693
0 0.6995192307692307 0.34615384615384615 0.07451923076923077 0.23197115384615385
2 0.453125 0.31490384615384615 0.2764423076923077 0.3786057692307692
1 0.4951923076923077 0.8185096153846154 0.03125 0.09375
1 0.5612980769230769 0.7319711538461539 0.07211538461538461 0.06971153846153846
1 0.7067307692307693 0.625 0.12259615384615384 0.10817307692307693
1 0.7920673076923077 0.7319711538461539 0.07091346153846154 0.10096153846153846
1 0.875 0.6971153846153846 0.028846153846153848 0.054086538461538464
1 0.6766826923076923 0.8197115384615384 0.026442307692307692 0.038461538461538464
1 0.7716346153846154 0.8197115384615384 0.014423076923076924 0.037259615384615384
1 0.8257211538461539 0.890625 0.019230769230769232 0.06009615384615385
1 0.9350961538461539 0.9543269230769231 0.11538461538461539 0.07091346153846154