0 0.5841346153846154 0.6334134615384616 0.06971153846153846 0.07932692307692307
0 0.6682692307692307 0.6370192307692307 0.052884615384615384 0.06009615384615385
0 0.7800480769230769 0.6694711538461539 0.030048076923076924 0.055288461538461536
0 0.8569711538461539 0.7319711538461539 0.04447115384615385 0.04326923076923077
2 0.11658653846153846 0.25600961538461536 0.22355769230769232 0.4855769230769231
2 0.24158653846153846 0.6670673076923077 0.07451923076923077 0.06610576923076923
2 0.06009615384615385 0.6153846153846154 0.10817307692307693 0.13221153846153846
2 0.29447115384615385 0.3894230769230769 0.1141826923076923 0.1814903846153846
2 0.46875 0.17307692307692307 0.07211538461538461 0.22596153846153846
2 0.42908653846153844 0.4326923076923077 0.09735576923076923 0.12259615384615384
2 0.6586538461538461 0.359375 0.125 0.22235576923076922