0 0.10576923076923077 0.21394230769230768 0.08173076923076923 0.04927884615384615
0 0.28365384615384615 0.20432692307692307 0.08533653846153846 0.05048076923076923
0 0.453125 0.20432692307692307 0.1658653846153846 0.08653846153846154
0 0.20072115384615385 0.3125 0.12139423076923077 0.08533653846153846
0 0.6514423076923077 0.296875 0.20673076923076922 0.07211538461538461
0 0.41466346153846156 0.5180288461538461 0.13942307692307693 0.051682692307692304
0 0.7740384615384616 0.46033653846153844 0.43509615384615385 0.23798076923076922
2 0.5372596153846154 0.10096153846153846 0.4411057692307692 0.19230769230769232
2 0.8149038461538461 0.15384615384615385 0.2980769230769231 0.26802884615384615
2 0.8822115384615384 0.3473557692307692 0.1875 0.10336538461538461
2 0.5949519230769231 0.375 0.1814903846153846 0.09375