0 0.17427884615384615 0.6502403846153846 0.27163461538461536 0.31490384615384615
0 0.09615384615384616 0.4026442307692308 0.18389423076923078 0.18389423076923078
0 0.2403846153846154 0.3858173076923077 0.0673076923076923 0.09375
0 0.41346153846153844 0.3858173076923077 0.07091346153846154 0.0733173076923077
0 0.5048076923076923 0.359375 0.0985576923076923 0.12980769230769232
0 0.6081730769230769 0.3954326923076923 0.06009615384615385 0.08653846153846154
0 0.6742788461538461 0.3942307692307692 0.0625 0.0829326923076923
0 0.75 0.4182692307692308 0.0829326923076923 0.09495192307692307
0 0.8293269230769231 0.41947115384615385 0.051682692307692304 0.0829326923076923
0 0.8894230769230769 0.4230769230769231 0.03485576923076923 0.05889423076923077
0 0.9314903846153846 0.43509615384615385 0.020432692307692308 0.037259615384615384
2 0.7115384615384616 0.2848557692307692 0.052884615384615384 0.13581730769230768
2 0.7836538461538461 0.328125 0.04807692307692308 0.0889423076923077
2 0.4651442307692308 0.23918269230769232 0.09495192307692307 0.15625
2 0.6298076923076923 0.26802884615384615 0.09254807692307693 0.12379807692307693