0 0.2403846153846154 0.6394230769230769 0.1935096153846154 0.27884615384615385
0 0.0889423076923077 0.6947115384615384 0.078125 0.06009615384615385
0 0.3858173076923077 0.5625 0.056490384615384616 0.10336538461538461
0 0.4831730769230769 0.7283653846153846 0.12379807692307693 0.12860576923076922
0 0.5504807692307693 0.8389423076923077 0.042067307692307696 0.046875
0 0.6021634615384616 0.6766826923076923 0.07451923076923077 0.10817307692307693
0 0.6622596153846154 0.5588942307692307 0.038461538461538464 0.07572115384615384
0 0.7175480769230769 0.6478365384615384 0.05048076923076923 0.08533653846153846
0 0.8954326923076923 0.6995192307692307 0.06129807692307692 0.05048076923076923
0 0.4963942307692308 0.44471153846153844 0.06850961538461539 0.2439903846153846
1 0.2980769230769231 0.33533653846153844 0.04447115384615385 0.08173076923076923
1 0.9278846153846154 0.8990384615384616 0.054086538461538464 0.0829326923076923
1 0.7091346153846154 0.28846153846153844 0.2536057692307692 0.2283653846153846