0 0.9206730769230769 0.5192307692307693 0.12379807692307693 0.07451923076923077
0 0.7536057692307693 0.5036057692307693 0.04927884615384615 0.0673076923076923
1 0.5805288461538461 0.8894230769230769 0.17548076923076922 0.14903846153846154
1 0.5348557692307693 0.6622596153846154 0.04326923076923077 0.04927884615384615
1 0.6153846153846154 0.6778846153846154 0.036057692307692304 0.056490384615384616
1 0.5348557692307693 0.7415865384615384 0.07091346153846154 0.06009615384615385
1 0.7259615384615384 0.6971153846153846 0.038461538461538464 0.04567307692307692
1 0.8365384615384616 0.7091346153846154 0.05048076923076923 0.038461538461538464
1 0.8966346153846154 0.7067307692307693 0.04447115384615385 0.0625
1 0.8401442307692307 0.8016826923076923 0.06370192307692307 0.06370192307692307
1 0.4375 0.8569711538461539 0.06370192307692307 0.06490384615384616
1 0.4050480769230769 0.6887019230769231 0.054086538461538464 0.0673076923076923
2 0.6754807692307693 0.3581730769230769 0.11899038461538461 0.22355769230769232
2 0.5865384615384616 0.1502403846153846 0.12740384615384615 0.23197115384615385
2 0.39783653846153844 0.3557692307692308 0.12620192307692307 0.14302884615384615
2 0.22716346153846154 0.3076923076923077 0.22355769230769232 0.24639423076923078
2 0.9483173076923077 0.3858173076923077 0.06490384615384616 0.17307692307692307
2 0.7692307692307693 0.21033653846153846 0.07932692307692307 0.14903846153846154
2 0.10817307692307693 0.0829326923076923 0.21153846153846154 0.1658653846153846