0 0.8100961538461539 0.27884615384615385 0.30408653846153844 0.38100961538461536
0 0.7728365384615384 0.8305288461538461 0.23557692307692307 0.22716346153846154
0 0.7007211538461539 0.5516826923076923 0.05889423076923077 0.11778846153846154
0 0.9615384615384616 0.5637019230769231 0.04567307692307692 0.08173076923076923
0 0.6310096153846154 0.640625 0.055288461538461536 0.12379807692307693
0 0.3269230769230769 0.5697115384615384 0.038461538461538464 0.1502403846153846
0 0.4567307692307692 0.5372596153846154 0.08413461538461539 0.052884615384615384
0 0.5120192307692307 0.5985576923076923 0.04927884615384615 0.09134615384615384
0 0.578125 0.5817307692307693 0.040865384615384616 0.09134615384615384
0 0.3076923076923077 0.4423076923076923 0.07692307692307693 0.0829326923076923
2 0.1658653846153846 0.17427884615384615 0.2932692307692308 0.3269230769230769
2 0.7920673076923077 0.6802884615384616 0.0829326923076923 0.17548076923076922
2 0.375 0.8173076923076923 0.07692307692307693 0.12980769230769232
2 0.1201923076923077 0.5024038461538461 0.0733173076923077 0.25240384615384615
2 0.7548076923076923 0.06850961538461539 0.25240384615384615 0.1045673076923077
1 0.1310096153846154 0.9350961538461539 0.19951923076923078 0.11177884615384616