0 0.22956730769230768 0.4206730769230769 0.08413461538461539 0.06129807692307692
0 0.3317307692307692 0.6069711538461539 0.06490384615384616 0.23197115384615385
0 0.23677884615384615 0.6959134615384616 0.1141826923076923 0.09615384615384616
1 0.24759615384615385 0.8425480769230769 0.2127403846153846 0.25240384615384615
1 0.5288461538461539 0.8701923076923077 0.18028846153846154 0.14182692307692307
1 0.5228365384615384 0.7211538461538461 0.05048076923076923 0.04447115384615385
1 0.01201923076923077 0.7427884615384616 0.02283653846153846 0.040865384615384616
1 0.06610576923076923 0.7391826923076923 0.037259615384615384 0.046875
1 0.10216346153846154 0.7331730769230769 0.013221153846153846 0.025240384615384616
1 0.37259615384615385 0.7451923076923077 0.018028846153846152 0.038461538461538464
0 0.17548076923076922 0.45072115384615385 0.03125 0.052884615384615384
2 0.5444711538461539 0.23677884615384615 0.4699519230769231 0.43990384615384615