0 0.6538461538461539 0.390625 0.13221153846153846 0.040865384615384616
0 0.7223557692307693 0.9302884615384616 0.2512019230769231 0.12139423076923077
0 0.12860576923076922 0.6814903846153846 0.09014423076923077 0.1346153846153846
0 0.22235576923076922 0.8341346153846154 0.1310096153846154 0.19471153846153846
2 0.7043269230769231 0.7644230769230769 0.10336538461538461 0.10697115384615384
2 0.6189903846153846 0.6129807692307693 0.09735576923076923 0.057692307692307696
2 0.6682692307692307 0.6887019230769231 0.09014423076923077 0.056490384615384616
2 0.8317307692307693 0.5625 0.23677884615384615 0.33533653846153844
2 0.24158653846153846 0.48197115384615385 0.3125 0.18990384615384615
2 0.4855769230769231 0.2620192307692308 0.20072115384615385 0.5
2 0.7908653846153846 0.20072115384615385 0.3713942307692308 0.3557692307692308