0 0.35096153846153844 0.6129807692307693 0.06971153846153846 0.040865384615384616
0 0.5516826923076923 0.5805288461538461 0.3016826923076923 0.09975961538461539
2 0.6189903846153846 0.43509615384615385 0.21033653846153846 0.16706730769230768
1 0.09975961538461539 0.4266826923076923 0.09615384615384616 0.16826923076923078
1 0.18509615384615385 0.5396634615384616 0.039663461538461536 0.13942307692307693
1 0.2403846153846154 0.6045673076923077 0.037259615384615384 0.13341346153846154
1 0.2920673076923077 0.6850961538461539 0.04326923076923077 0.09735576923076923
1 0.3557692307692308 0.7223557692307693 0.054086538461538464 0.11658653846153846
1 0.45072115384615385 0.8040865384615384 0.054086538461538464 0.11658653846153846
1 0.5709134615384616 0.8629807692307693 0.06129807692307692 0.19110576923076922
1 0.6826923076923077 0.9375 0.055288461538461536 0.08533653846153846