0 0.4266826923076923 0.6778846153846154 0.17067307692307693 0.1658653846153846
0 0.6658653846153846 0.27163461538461536 0.1346153846153846 0.25721153846153844
0 0.5396634615384616 0.4891826923076923 0.21153846153846154 0.19230769230769232
2 0.859375 0.19951923076923078 0.22596153846153846 0.3485576923076923
2 0.7223557692307693 0.4891826923076923 0.12139423076923077 0.16826923076923078
2 0.6141826923076923 0.6983173076923077 0.15384615384615385 0.17307692307692307
1 0.4326923076923077 0.8028846153846154 0.06490384615384616 0.06971153846153846
1 0.08653846153846154 0.8257211538461539 0.026442307692307692 0.05048076923076923
1 0.23076923076923078 0.78125 0.025240384615384616 0.052884615384615384
1 0.6622596153846154 0.9483173076923077 0.030048076923076924 0.038461538461538464
1 0.859375 0.8774038461538461 0.030048076923076924 0.22115384615384615