0 0.7584134615384616 0.24158653846153846 0.11057692307692307 0.07211538461538461
0 0.7427884615384616 0.34134615384615385 0.03485576923076923 0.04807692307692308
0 0.8870192307692307 0.21754807692307693 0.05048076923076923 0.042067307692307696
0 0.8076923076923077 0.47115384615384615 0.030048076923076924 0.027644230769230768
1 0.33533653846153844 0.5841346153846154 0.0985576923076923 0.06971153846153846
1 0.18629807692307693 0.7752403846153846 0.051682692307692304 0.07211538461538461
1 0.2704326923076923 0.7920673076923077 0.037259615384615384 0.04807692307692308
1 0.3137019230769231 0.7271634615384616 0.03245192307692308 0.04326923076923077
1 0.24158653846153846 0.7235576923076923 0.054086538461538464 0.051682692307692304
1 0.33533653846153844 0.6911057692307693 0.02403846153846154 0.040865384615384616
1 0.3173076923076923 0.7872596153846154 0.016826923076923076 0.03245192307692308
1 0.7055288461538461 0.6862980769230769 0.06490384615384616 0.0673076923076923
2 0.45552884615384615 0.2247596153846154 0.18028846153846154 0.2932692307692308
2 0.7752403846153846 0.10336538461538461 0.1814903846153846 0.15264423076923078