1 0.18629807692307693 0.6201923076923077 0.036057692307692304 0.0625
1 0.25600961538461536 0.6382211538461539 0.08774038461538461 0.17548076923076922
1 0.22596153846153846 0.2848557692307692 0.021634615384615384 0.046875
1 0.4423076923076923 0.2247596153846154 0.025240384615384616 0.046875
1 0.7331730769230769 0.4387019230769231 0.016826923076923076 0.042067307692307696
1 0.875 0.7271634615384616 0.020432692307692308 0.03125
1 0.9639423076923077 0.6778846153846154 0.015625 0.028846153846153848
1 0.7800480769230769 0.6838942307692307 0.06009615384615385 0.036057692307692304
1 0.38100961538461536 0.7247596153846154 0.019230769230769232 0.0625
1 0.32091346153846156 0.7175480769230769 0.021634615384615384 0.07572115384615384
1 0.125 0.7163461538461539 0.027644230769230768 0.07091346153846154