1 0.8713942307692307 0.7151442307692307 0.046875 0.03365384615384615
1 0.7920673076923077 0.7391826923076923 0.03125 0.030048076923076924
1 0.8557692307692307 0.6634615384615384 0.04927884615384615 0.038461538461538464
1 0.8377403846153846 0.22355769230769232 0.09375 0.20552884615384615
1 0.47596153846153844 0.039663461538461536 0.12379807692307693 0.052884615384615384
1 0.34375 0.10697115384615384 0.1045673076923077 0.09014423076923077
1 0.2608173076923077 0.19591346153846154 0.08653846153846154 0.15625
1 0.21394230769230768 0.7644230769230769 0.21634615384615385 0.038461538461538464
1 0.21995192307692307 0.43990384615384615 0.08173076923076923 0.02403846153846154
1 0.34975961538461536 0.23677884615384615 0.0625 0.07932692307692307
1 0.5889423076923077 0.1346153846153846 0.03125 0.06370192307692307