1 0.14783653846153846 0.5048076923076923 0.07451923076923077 0.18269230769230768
1 0.23798076923076922 0.47836538461538464 0.08052884615384616 0.1658653846153846
1 0.3076923076923077 0.44350961538461536 0.06370192307692307 0.11057692307692307
1 0.28725961538461536 0.0829326923076923 0.10216346153846154 0.16346153846153846
1 0.5072115384615384 0.1875 0.15625 0.13701923076923078
1 0.7271634615384616 0.09014423076923077 0.0889423076923077 0.15264423076923078
1 0.921875 0.4807692307692308 0.0673076923076923 0.15865384615384615
1 0.8329326923076923 0.4855769230769231 0.042067307692307696 0.12740384615384615
1 0.5576923076923077 0.4375 0.04807692307692308 0.08653846153846154
1 0.453125 0.4387019230769231 0.04567307692307692 0.08653846153846154
1 0.6995192307692307 0.44350961538461536 0.040865384615384616 0.1045673076923077