1 0.4543269230769231 0.19591346153846154 0.08413461538461539 0.10576923076923077
1 0.6670673076923077 0.1935096153846154 0.054086538461538464 0.109375
1 0.5673076923076923 0.32091346153846156 0.0625 0.08173076923076923
1 0.7199519230769231 0.33533653846153844 0.0673076923076923 0.07932692307692307
1 0.6586538461538461 0.49278846153846156 0.04326923076923077 0.16105769230769232
1 0.7235576923076923 0.4699519230769231 0.052884615384615384 0.12740384615384615
1 0.44591346153846156 0.5456730769230769 0.09735576923076923 0.11298076923076923
1 0.31490384615384615 0.47115384615384615 0.13341346153846154 0.08173076923076923
1 0.030048076923076924 0.40384615384615385 0.04807692307692308 0.11538461538461539
1 0.375 0.8064903846153846 0.04567307692307692 0.04567307692307692
1 0.8185096153846154 0.5180288461538461 0.08173076923076923 0.052884615384615384