1 0.36538461538461536 0.6802884615384616 0.0673076923076923 0.08173076923076923
1 0.40865384615384615 0.6826923076923077 0.014423076923076924 0.08533653846153846
1 0.4891826923076923 0.6129807692307693 0.018028846153846152 0.06370192307692307
1 0.5204326923076923 0.6069711538461539 0.020432692307692308 0.025240384615384616
1 0.4543269230769231 0.6911057692307693 0.016826923076923076 0.04326923076923077
1 0.23677884615384615 0.2932692307692308 0.03245192307692308 0.07572115384615384
1 0.8245192307692307 0.21634615384615385 0.037259615384615384 0.0625
1 0.7403846153846154 0.3233173076923077 0.040865384615384616 0.046875
1 0.10817307692307693 0.1466346153846154 0.06009615384615385 0.08052884615384616
1 0.9699519230769231 0.6057692307692307 0.04447115384615385 0.04807692307692308
1 0.5552884615384616 0.6057692307692307 0.040865384615384616 0.027644230769230768