1 0.1971153846153846 0.7728365384615384 0.21033653846153846 0.27884615384615385
1 0.46634615384615385 0.7139423076923077 0.06129807692307692 0.09615384615384616
1 0.5889423076923077 0.7199519230769231 0.042067307692307696 0.06490384615384616
1 0.6454326923076923 0.7487980769230769 0.039663461538461536 0.06129807692307692
1 0.8329326923076923 0.7415865384615384 0.046875 0.09375
1 0.9314903846153846 0.7475961538461539 0.057692307692307696 0.09735576923076923
1 0.9471153846153846 0.2439903846153846 0.046875 0.1045673076923077
1 0.7668269230769231 0.3389423076923077 0.046875 0.08653846153846154
1 0.6887019230769231 0.39903846153846156 0.04567307692307692 0.07451923076923077
1 0.5901442307692307 0.41586538461538464 0.03485576923076923 0.051682692307692304
1 0.5552884615384616 0.45072115384615385 0.019230769230769232 0.04567307692307692
1 0.5252403846153846 0.46634615384615385 0.019230769230769232 0.040865384615384616
1 0.4951923076923077 0.47475961538461536 0.028846153846153848 0.046875
1 0.11298076923076923 0.46875 0.1875 0.19471153846153846
1 0.33653846153846156 0.7067307692307693 0.03245192307692308 0.08653846153846154
1 0.06610576923076923 0.7848557692307693 0.03245192307692308 0.1466346153846154