0 0.11778846153846154 0.6682692307692307 0.08413461538461539 0.16826923076923078
0 0.29086538461538464 0.6358173076923077 0.056490384615384616 0.09615384615384616
0 0.5973557692307693 0.84375 0.08653846153846154 0.23557692307692307
0 0.7463942307692307 0.7836538461538461 0.09975961538461539 0.14543269230769232
0 0.8918269230769231 0.6081730769230769 0.09495192307692307 0.12379807692307693
0 0.22596153846153846 0.24519230769230768 0.09014423076923077 0.16706730769230768
0 0.4230769230769231 0.5300480769230769 0.10096153846153846 0.12139423076923077
0 0.4014423076923077 0.20192307692307693 0.09254807692307693 0.17427884615384615
0 0.5829326923076923 0.46634615384615385 0.0733173076923077 0.12379807692307693
0 0.6862980769230769 0.36177884615384615 0.07932692307692307 0.14182692307692307
0 0.7932692307692307 0.31850961538461536 0.08052884615384616 0.14423076923076922
0 0.9435096153846154 0.28365384615384615 0.08052884615384616 0.13581730769230768