0 0.23317307692307693 0.2980769230769231 0.046875 0.09975961538461539
0 0.39903846153846156 0.19471153846153846 0.05048076923076923 0.10096153846153846
0 0.44711538461538464 0.15625 0.051682692307692304 0.09735576923076923
0 0.5793269230769231 0.17307692307692307 0.09975961538461539 0.16346153846153846
0 0.5288461538461539 0.25 0.040865384615384616 0.07572115384615384
0 0.49038461538461536 0.3894230769230769 0.04326923076923077 0.20793269230769232
0 0.78125 0.3425480769230769 0.0625 0.12620192307692307
0 0.7764423076923077 0.19951923076923078 0.038461538461538464 0.07451923076923077
0 0.9098557692307693 0.2403846153846154 0.051682692307692304 0.10336538461538461
0 0.8966346153846154 0.47596153846153844 0.03365384615384615 0.09495192307692307
0 0.7800480769230769 0.6802884615384616 0.04326923076923077 0.09615384615384616
0 0.49759615384615385 0.8449519230769231 0.057692307692307696 0.13341346153846154
0 0.23557692307692307 0.6081730769230769 0.040865384615384616 0.09014423076923077