0 0.4567307692307692 0.4699519230769231 0.021634615384615384 0.08052884615384616
0 0.5853365384615384 0.41947115384615385 0.0673076923076923 0.1310096153846154
0 0.6454326923076923 0.35096153846153844 0.040865384615384616 0.1346153846153846
0 0.7175480769230769 0.3485576923076923 0.021634615384615384 0.07451923076923077
0 0.6935096153846154 0.4266826923076923 0.018028846153846152 0.046875
0 0.48197115384615385 0.38221153846153844 0.038461538461538464 0.12259615384615384
0 0.3762019230769231 0.27403846153846156 0.038461538461538464 0.06490384615384616
0 0.3137019230769231 0.30528846153846156 0.026442307692307692 0.052884615384615384
0 0.44711538461538464 0.2704326923076923 0.039663461538461536 0.07211538461538461
0 0.5168269230769231 0.30528846153846156 0.04927884615384615 0.10216346153846154
0 0.6201923076923077 0.21754807692307693 0.03125 0.052884615384615384
0 0.41466346153846156 0.3737980769230769 0.025240384615384616 0.1141826923076923
0 0.3473557692307692 0.3545673076923077 0.030048076923076924 0.06370192307692307
0 0.3713942307692308 0.4170673076923077 0.02403846153846154 0.06370192307692307
0 0.5997596153846154 0.32572115384615385 0.02403846153846154 0.038461538461538464