0 0.07932692307692307 0.37740384615384615 0.03245192307692308 0.10817307692307693
0 0.06009615384615385 0.484375 0.04326923076923077 0.10817307692307693
0 0.046875 0.6153846153846154 0.036057692307692304 0.1622596153846154
0 0.27884615384615385 0.6274038461538461 0.039663461538461536 0.15264423076923078
0 0.27403846153846156 0.48197115384615385 0.027644230769230768 0.1466346153846154
0 0.27163461538461536 0.27884615384615385 0.03245192307692308 0.09014423076923077
0 0.43028846153846156 0.21394230769230768 0.03365384615384615 0.11538461538461539
0 0.45072115384615385 0.2848557692307692 0.020432692307692308 0.06850961538461539
0 0.4651442307692308 0.35697115384615385 0.02283653846153846 0.08173076923076923
0 0.5060096153846154 0.4675480769230769 0.038461538461538464 0.14903846153846154
0 0.578125 0.6286057692307693 0.051682692307692304 0.17908653846153846
0 0.8990384615384616 0.6442307692307693 0.06610576923076923 0.16105769230769232
0 0.7944711538461539 0.49278846153846156 0.04326923076923077 0.11298076923076923
0 0.7055288461538461 0.33533653846153844 0.03125 0.13942307692307693
0 0.6165865384615384 0.22355769230769232 0.040865384615384616 0.0985576923076923
0 0.7860576923076923 0.19951923076923078 0.038461538461538464 0.09495192307692307
0 0.96875 0.33413461538461536 0.036057692307692304 0.16105769230769232