0 0.2980769230769231 0.30528846153846156 0.036057692307692304 0.04567307692307692
0 0.33413461538461536 0.3389423076923077 0.020432692307692308 0.06370192307692307
0 0.3545673076923077 0.39783653846153844 0.028846153846153848 0.05889423076923077
0 0.36658653846153844 0.2644230769230769 0.04447115384615385 0.055288461538461536
0 0.375 0.31009615384615385 0.03125 0.07572115384615384
0 0.40024038461538464 0.3629807692307692 0.030048076923076924 0.10216346153846154
0 0.44711538461538464 0.4579326923076923 0.025240384615384616 0.10096153846153846
0 0.43990384615384615 0.25240384615384615 0.038461538461538464 0.08052884615384616
0 0.49278846153846156 0.2692307692307692 0.027644230769230768 0.052884615384615384
0 0.46875 0.3713942307692308 0.052884615384615384 0.140625
0 0.5204326923076923 0.3233173076923077 0.025240384615384616 0.06009615384615385
0 0.5745192307692307 0.2920673076923077 0.038461538461538464 0.08052884615384616
0 0.6382211538461539 0.33533653846153844 0.054086538461538464 0.14903846153846154
0 0.5516826923076923 0.3737980769230769 0.03485576923076923 0.0733173076923077
0 0.5901442307692307 0.4338942307692308 0.026442307692307692 0.0889423076923077
0 0.6826923076923077 0.4074519230769231 0.030048076923076924 0.07932692307692307
0 0.7175480769230769 0.35216346153846156 0.04567307692307692 0.08413461538461539
0 0.6887019230769231 0.27403846153846156 0.028846153846153848 0.054086538461538464